0	0	0	0	0	0
0	0	128	9	9	9
0	0	256	19	19	19
0	0	384	28	28	28
0	0	512	38	38	38
0	0	640	48	48	48
0	0	768	58	58	58
0	0	896	67	67	67
0	0	1023	77	77	77
0	128	0	96	96	96
0	128	128	106	106	106
0	128	256	116	116	116
0	128	384	125	125	125
0	128	512	135	135	135
0	128	640	145	145	145
0	128	768	155	155	155
0	128	896	165	165	165
0	128	1023	174	174	174
0	256	0	193	193	193
0	256	128	203	203	203
0	256	256	213	213	213
0	256	384	223	223	223
0	256	512	232	232	232
0	256	640	242	242	242
0	256	768	252	252	252
0	256	896	262	262	262
0	256	1023	272	272	272
0	384	0	291	291	291
0	384	128	301	301	301
0	384	256	310	310	310
0	384	384	320	320	320
0	384	512	330	330	330
0	384	640	340	340	340
0	384	768	349	349	349
0	384	896	359	359	359
0	384	1023	369	369	369
0	512	0	388	388	388
0	512	128	397	397	397
0	512	256	407	407	407
0	512	384	417	417	417
0	512	512	426	426	426
0	512	640	436	436	436
0	512	768	446	446	446
0	512	896	456	456	456
0	512	1023	465	465	465
0	640	0	484	484	484
0	640	128	493	493	493
0	640	256	503	503	503
0	640	384	512	512	512
0	640	512	522	522	522
0	640	640	532	532	532
0	640	768	541	541	541
0	640	896	551	551	551
0	640	1023	560	560	560
0	768	0	578	578	578
0	768	128	587	587	587
0	768	256	597	597	597
0	768	384	606	606	606
0	768	512	616	616	616
0	768	640	625	625	625
0	768	768	634	634	634
0	768	896	644	644	644
0	768	1023	653	653	653
0	896	0	670	670	670
0	896	128	679	679	679
0	896	256	688	688	688
0	896	384	697	697	697
0	896	512	706	706	706
0	896	640	715	715	715
0	896	768	724	724	724
0	896	896	733	733	733
0	896	1023	742	742	742
0	1023	0	758	758	758
0	1023	128	767	767	767
0	1023	256	776	776	776
0	1023	384	784	784	784
0	1023	512	793	793	793
0	1023	640	802	802	802
0	1023	768	810	810	810
0	1023	896	819	819	819
0	1023	1023	827	827	827
128	0	0	28	28	28
128	0	128	38	38	38
128	0	256	47	47	47
128	0	384	57	57	57
128	0	512	67	67	67
128	0	640	77	77	77
128	0	768	86	86	86
128	0	896	96	96	96
128	0	1023	106	106	106
128	128	0	125	125	125
128	128	128	135	135	135
128	128	256	144	144	144
128	128	384	154	154	154
128	128	512	164	164	164
128	128	640	174	174	174
128	128	768	184	184	184
128	128	896	194	194	194
128	128	1023	204	204	204
128	256	0	222	222	222
128	256	128	232	232	232
128	256	256	242	242	242
128	256	384	252	252	252
128	256	512	262	262	262
128	256	640	271	271	271
128	256	768	281	281	281
128	256	896	291	291	291
128	256	1023	301	301	301
128	384	0	320	320	320
128	384	128	329	329	329
128	384	256	339	339	339
128	384	384	349	349	349
128	384	512	359	359	359
128	384	640	368	368	368
128	384	768	378	378	378
128	384	896	388	388	388
128	384	1023	398	398	398
128	512	0	416	416	416
128	512	128	426	426	426
128	512	256	436	436	436
128	512	384	445	445	445
128	512	512	455	455	455
128	512	640	465	465	465
128	512	768	474	474	474
128	512	896	484	484	484
128	512	1023	494	494	494
128	640	0	512	512	512
128	640	128	521	521	521
128	640	256	531	531	531
128	640	384	541	541	541
128	640	512	550	550	550
128	640	640	560	560	560
128	640	768	569	569	569
128	640	896	578	578	578
128	640	1023	588	588	588
128	768	0	606	606	606
128	768	128	615	615	615
128	768	256	624	624	624
128	768	384	634	634	634
128	768	512	643	643	643
128	768	640	652	652	652
128	768	768	662	662	662
128	768	896	671	671	671
128	768	1023	680	680	680
128	896	0	697	697	697
128	896	128	706	706	706
128	896	256	715	715	715
128	896	384	724	724	724
128	896	512	733	733	733
128	896	640	741	741	741
128	896	768	750	750	750
128	896	896	759	759	759
128	896	1023	767	767	767
128	1023	0	784	784	784
128	1023	128	793	793	793
128	1023	256	801	801	801
128	1023	384	810	810	810
128	1023	512	818	818	818
128	1023	640	827	827	827
128	1023	768	835	835	835
128	1023	896	844	844	844
128	1023	1023	852	852	852
256	0	0	56	56	56
256	0	128	66	66	66
256	0	256	76	76	76
256	0	384	86	86	86
256	0	512	96	96	96
256	0	640	106	106	106
256	0	768	115	115	115
256	0	896	125	125	125
256	0	1023	135	135	135
256	128	0	154	154	154
256	128	128	163	163	163
256	128	256	173	173	173
256	128	384	183	183	183
256	128	512	193	193	193
256	128	640	203	203	203
256	128	768	213	213	213
256	128	896	223	223	223
256	128	1023	232	232	232
256	256	0	251	251	251
256	256	128	261	261	261
256	256	256	271	271	271
256	256	384	281	281	281
256	256	512	291	291	291
256	256	640	300	300	300
256	256	768	310	310	310
256	256	896	320	320	320
256	256	1023	330	330	330
256	384	0	348	348	348
256	384	128	358	358	358
256	384	256	368	368	368
256	384	384	378	378	378
256	384	512	387	387	387
256	384	640	397	397	397
256	384	768	407	407	407
256	384	896	417	417	417
256	384	1023	426	426	426
256	512	0	445	445	445
256	512	128	455	455	455
256	512	256	464	464	464
256	512	384	474	474	474
256	512	512	484	484	484
256	512	640	493	493	493
256	512	768	503	503	503
256	512	896	512	512	512
256	512	1023	522	522	522
256	640	0	540	540	540
256	640	128	550	550	550
256	640	256	559	559	559
256	640	384	569	569	569
256	640	512	578	578	578
256	640	640	587	587	587
256	640	768	597	597	597
256	640	896	606	606	606
256	640	1023	615	615	615
256	768	0	633	633	633
256	768	128	643	643	643
256	768	256	652	652	652
256	768	384	661	661	661
256	768	512	670	670	670
256	768	640	679	679	679
256	768	768	688	688	688
256	768	896	697	697	697
256	768	1023	706	706	706
256	896	0	723	723	723
256	896	128	732	732	732
256	896	256	741	741	741
256	896	384	749	749	749
256	896	512	758	758	758
256	896	640	767	767	767
256	896	768	776	776	776
256	896	896	784	784	784
256	896	1023	793	793	793
256	1023	0	809	809	809
256	1023	128	818	818	818
256	1023	256	826	826	826
256	1023	384	835	835	835
256	1023	512	843	843	843
256	1023	640	852	852	852
256	1023	768	860	860	860
256	1023	896	869	869	869
256	1023	1023	877	877	877
384	0	0	85	85	85
384	0	128	95	95	95
384	0	256	105	105	105
384	0	384	115	115	115
384	0	512	125	125	125
384	0	640	134	134	134
384	0	768	144	144	144
384	0	896	154	154	154
384	0	1023	164	164	164
384	128	0	183	183	183
384	128	128	193	193	193
384	128	256	202	202	202
384	128	384	212	212	212
384	128	512	222	222	222
384	128	640	232	232	232
384	128	768	242	242	242
384	128	896	252	252	252
384	128	1023	261	261	261
384	256	0	280	280	280
384	256	128	290	290	290
384	256	256	300	300	300
384	256	384	310	310	310
384	256	512	320	320	320
384	256	640	329	329	329
384	256	768	339	339	339
384	256	896	349	349	349
384	256	1023	358	358	358
384	384	0	377	377	377
384	384	128	387	387	387
384	384	256	397	397	397
384	384	384	406	406	406
384	384	512	416	416	416
384	384	640	426	426	426
384	384	768	435	435	435
384	384	896	445	445	445
384	384	1023	455	455	455
384	512	0	473	473	473
384	512	128	483	483	483
384	512	256	493	493	493
384	512	384	502	502	502
384	512	512	512	512	512
384	512	640	521	521	521
384	512	768	531	531	531
384	512	896	540	540	540
384	512	1023	550	550	550
384	640	0	568	568	568
384	640	128	577	577	577
384	640	256	587	587	587
384	640	384	596	596	596
384	640	512	606	606	606
384	640	640	615	615	615
384	640	768	624	624	624
384	640	896	634	634	634
384	640	1023	643	643	643
384	768	0	661	661	661
384	768	128	670	670	670
384	768	256	679	679	679
384	768	384	688	688	688
384	768	512	697	697	697
384	768	640	706	706	706
384	768	768	715	715	715
384	768	896	723	723	723
384	768	1023	732	732	732
384	896	0	749	749	749
384	896	128	758	758	758
384	896	256	766	766	766
384	896	384	775	775	775
384	896	512	784	784	784
384	896	640	792	792	792
384	896	768	801	801	801
384	896	896	810	810	810
384	896	1023	818	818	818
384	1023	0	834	834	834
384	1023	128	843	843	843
384	1023	256	851	851	851
384	1023	384	860	860	860
384	1023	512	868	868	868
384	1023	640	877	877	877
384	1023	768	885	885	885
384	1023	896	893	893	893
384	1023	1023	902	902	902
512	0	0	114	114	114
512	0	128	124	124	124
512	0	256	134	134	134
512	0	384	144	144	144
512	0	512	153	153	153
512	0	640	163	163	163
512	0	768	173	173	173
512	0	896	183	183	183
512	0	1023	193	193	193
512	128	0	212	212	212
512	128	128	222	222	222
512	128	256	231	231	231
512	128	384	241	241	241
512	128	512	251	251	251
512	128	640	261	261	261
512	128	768	271	271	271
512	128	896	281	281	281
512	128	1023	290	290	290
512	256	0	309	309	309
512	256	128	319	319	319
512	256	256	329	329	329
512	256	384	338	338	338
512	256	512	348	348	348
512	256	640	358	358	358
512	256	768	368	368	368
512	256	896	378	378	378
512	256	1023	387	387	387
512	384	0	406	406	406
512	384	128	415	415	415
512	384	256	425	425	425
512	384	384	435	435	435
512	384	512	445	445	445
512	384	640	454	454	454
512	384	768	464	464	464
512	384	896	474	474	474
512	384	1023	483	483	483
512	512	0	502	502	502
512	512	128	511	511	511
512	512	256	521	521	521
512	512	384	530	530	530
512	512	512	540	540	540
512	512	640	549	549	549
512	512	768	559	559	559
512	512	896	568	568	568
512	512	1023	578	578	578
512	640	0	596	596	596
512	640	128	605	605	605
512	640	256	614	614	614
512	640	384	624	624	624
512	640	512	633	633	633
512	640	640	642	642	642
512	640	768	652	652	652
512	640	896	661	661	661
512	640	1023	670	670	670
512	768	0	687	687	687
512	768	128	696	696	696
512	768	256	705	705	705
512	768	384	714	714	714
512	768	512	723	723	723
512	768	640	732	732	732
512	768	768	741	741	741
512	768	896	749	749	749
512	768	1023	758	758	758
512	896	0	775	775	775
512	896	128	783	783	783
512	896	256	792	792	792
512	896	384	801	801	801
512	896	512	809	809	809
512	896	640	818	818	818
512	896	768	826	826	826
512	896	896	835	835	835
512	896	1023	843	843	843
512	1023	0	859	859	859
512	1023	128	868	868	868
512	1023	256	876	876	876
512	1023	384	885	885	885
512	1023	512	893	893	893
512	1023	640	901	901	901
512	1023	768	910	910	910
512	1023	896	918	918	918
512	1023	1023	926	926	926
640	0	0	143	143	143
640	0	128	153	153	153
640	0	256	163	163	163
640	0	384	173	173	173
640	0	512	182	182	182
640	0	640	192	192	192
640	0	768	202	202	202
640	0	896	212	212	212
640	0	1023	222	222	222
640	128	0	241	241	241
640	128	128	250	250	250
640	128	256	260	260	260
640	128	384	270	270	270
640	128	512	280	280	280
640	128	640	290	290	290
640	128	768	300	300	300
640	128	896	310	310	310
640	128	1023	319	319	319
640	256	0	338	338	338
640	256	128	348	348	348
640	256	256	357	357	357
640	256	384	367	367	367
640	256	512	377	377	377
640	256	640	387	387	387
640	256	768	397	397	397
640	256	896	406	406	406
640	256	1023	416	416	416
640	384	0	434	434	434
640	384	128	444	444	444
640	384	256	454	454	454
640	384	384	463	463	463
640	384	512	473	473	473
640	384	640	483	483	483
640	384	768	492	492	492
640	384	896	502	502	502
640	384	1023	511	511	511
640	512	0	530	530	530
640	512	128	539	539	539
640	512	256	549	549	549
640	512	384	558	558	558
640	512	512	568	568	568
640	512	640	577	577	577
640	512	768	587	587	587
640	512	896	596	596	596
640	512	1023	605	605	605
640	640	0	623	623	623
640	640	128	633	633	633
640	640	256	642	642	642
640	640	384	651	651	651
640	640	512	660	660	660
640	640	640	670	670	670
640	640	768	679	679	679
640	640	896	687	687	687
640	640	1023	696	696	696
640	768	0	714	714	714
640	768	128	722	722	722
640	768	256	731	731	731
640	768	384	740	740	740
640	768	512	749	749	749
640	768	640	758	758	758
640	768	768	766	766	766
640	768	896	775	775	775
640	768	1023	784	784	784
640	896	0	800	800	800
640	896	128	809	809	809
640	896	256	817	817	817
640	896	384	826	826	826
640	896	512	834	834	834
640	896	640	843	843	843
640	896	768	851	851	851
640	896	896	860	860	860
640	896	1023	868	868	868
640	1023	0	884	884	884
640	1023	128	893	893	893
640	1023	256	901	901	901
640	1023	384	909	909	909
640	1023	512	918	918	918
640	1023	640	926	926	926
640	1023	768	934	934	934
640	1023	896	943	943	943
640	1023	1023	951	951	951
768	0	0	172	172	172
768	0	128	182	182	182
768	0	256	192	192	192
768	0	384	202	202	202
768	0	512	212	212	212
768	0	640	221	221	221
768	0	768	231	231	231
768	0	896	241	241	241
768	0	1023	251	251	251
768	128	0	270	270	270
768	128	128	279	279	279
768	128	256	289	289	289
768	128	384	299	299	299
768	128	512	309	309	309
768	128	640	319	319	319
768	128	768	329	329	329
768	128	896	338	338	338
768	128	1023	348	348	348
768	256	0	367	367	367
768	256	128	376	376	376
768	256	256	386	386	386
768	256	384	396	396	396
768	256	512	406	406	406
768	256	640	415	415	415
768	256	768	425	425	425
768	256	896	435	435	435
768	256	1023	444	444	444
768	384	0	463	463	463
768	384	128	473	473	473
768	384	256	482	482	482
768	384	384	492	492	492
768	384	512	501	501	501
768	384	640	511	511	511
768	384	768	521	521	521
768	384	896	530	530	530
768	384	1023	540	540	540
768	512	0	558	558	558
768	512	128	567	567	567
768	512	256	577	577	577
768	512	384	586	586	586
768	512	512	595	595	595
768	512	640	605	605	605
768	512	768	614	614	614
768	512	896	624	624	624
768	512	1023	633	633	633
768	640	0	651	651	651
768	640	128	660	660	660
768	640	256	669	669	669
768	640	384	678	678	678
768	640	512	687	687	687
768	640	640	696	696	696
768	640	768	705	705	705
768	640	896	714	714	714
768	640	1023	723	723	723
768	768	0	740	740	740
768	768	128	748	748	748
768	768	256	757	757	757
768	768	384	766	766	766
768	768	512	774	774	774
768	768	640	783	783	783
768	768	768	792	792	792
768	768	896	800	800	800
768	768	1023	809	809	809
768	896	0	825	825	825
768	896	128	834	834	834
768	896	256	842	842	842
768	896	384	851	851	851
768	896	512	859	859	859
768	896	640	867	867	867
768	896	768	876	876	876
768	896	896	884	884	884
768	896	1023	893	893	893
768	1023	0	909	909	909
768	1023	128	917	917	917
768	1023	256	926	926	926
768	1023	384	934	934	934
768	1023	512	942	942	942
768	1023	640	951	951	951
768	1023	768	959	959	959
768	1023	896	968	968	968
768	1023	1023	976	976	976
896	0	0	201	201	201
896	0	128	211	211	211
896	0	256	221	221	221
896	0	384	231	231	231
896	0	512	240	240	240
896	0	640	250	250	250
896	0	768	260	260	260
896	0	896	270	270	270
896	0	1023	280	280	280
896	128	0	299	299	299
896	128	128	308	308	308
896	128	256	318	318	318
896	128	384	328	328	328
896	128	512	338	338	338
896	128	640	347	347	347
896	128	768	357	357	357
896	128	896	367	367	367
896	128	1023	377	377	377
896	256	0	395	395	395
896	256	128	405	405	405
896	256	256	415	415	415
896	256	384	424	424	424
896	256	512	434	434	434
896	256	640	444	444	444
896	256	768	454	454	454
896	256	896	463	463	463
896	256	1023	473	473	473
896	384	0	491	491	491
896	384	128	501	501	501
896	384	256	510	510	510
896	384	384	520	520	520
896	384	512	530	530	530
896	384	640	539	539	539
896	384	768	549	549	549
896	384	896	558	558	558
896	384	1023	568	568	568
896	512	0	586	586	586
896	512	128	595	595	595
896	512	256	604	604	604
896	512	384	614	614	614
896	512	512	623	623	623
896	512	640	632	632	632
896	512	768	642	642	642
896	512	896	651	651	651
896	512	1023	660	660	660
896	640	0	678	678	678
896	640	128	686	686	686
896	640	256	695	695	695
896	640	384	704	704	704
896	640	512	713	713	713
896	640	640	722	722	722
896	640	768	731	731	731
896	640	896	740	740	740
896	640	1023	749	749	749
896	768	0	765	765	765
896	768	128	774	774	774
896	768	256	783	783	783
896	768	384	791	791	791
896	768	512	800	800	800
896	768	640	808	808	808
896	768	768	817	817	817
896	768	896	826	826	826
896	768	1023	834	834	834
896	896	0	850	850	850
896	896	128	859	859	859
896	896	256	867	867	867
896	896	384	875	875	875
896	896	512	884	884	884
896	896	640	892	892	892
896	896	768	901	901	901
896	896	896	909	909	909
896	896	1023	917	917	917
896	1023	0	933	933	933
896	1023	128	942	942	942
896	1023	256	950	950	950
896	1023	384	959	959	959
896	1023	512	967	967	967
896	1023	640	976	976	976
896	1023	768	984	984	984
896	1023	896	992	992	992
896	1023	1023	1001	1001	1001
1023	0	0	230	230	230
1023	0	128	240	240	240
1023	0	256	250	250	250
1023	0	384	260	260	260
1023	0	512	269	269	269
1023	0	640	279	279	279
1023	0	768	289	289	289
1023	0	896	299	299	299
1023	0	1023	309	309	309
1023	128	0	328	328	328
1023	128	128	337	337	337
1023	128	256	347	347	347
1023	128	384	357	357	357
1023	128	512	366	366	366
1023	128	640	376	376	376
1023	128	768	386	386	386
1023	128	896	396	396	396
1023	128	1023	406	406	406
1023	256	0	424	424	424
1023	256	128	434	434	434
1023	256	256	443	443	443
1023	256	384	453	453	453
1023	256	512	463	463	463
1023	256	640	472	472	472
1023	256	768	482	482	482
1023	256	896	492	492	492
1023	256	1023	501	501	501
1023	384	0	519	519	519
1023	384	128	529	529	529
1023	384	256	539	539	539
1023	384	384	548	548	548
1023	384	512	558	558	558
1023	384	640	567	567	567
1023	384	768	577	577	577
1023	384	896	586	586	586
1023	384	1023	595	595	595
1023	512	0	613	613	613
1023	512	128	623	623	623
1023	512	256	632	632	632
1023	512	384	641	641	641
1023	512	512	651	651	651
1023	512	640	660	660	660
1023	512	768	669	669	669
1023	512	896	678	678	678
1023	512	1023	687	687	687
1023	640	0	704	704	704
1023	640	128	713	713	713
1023	640	256	722	722	722
1023	640	384	731	731	731
1023	640	512	740	740	740
1023	640	640	748	748	748
1023	640	768	757	757	757
1023	640	896	766	766	766
1023	640	1023	774	774	774
1023	768	0	791	791	791
1023	768	128	799	799	799
1023	768	256	808	808	808
1023	768	384	817	817	817
1023	768	512	825	825	825
1023	768	640	833	833	833
1023	768	768	842	842	842
1023	768	896	850	850	850
1023	768	1023	859	859	859
1023	896	0	875	875	875
1023	896	128	883	883	883
1023	896	256	892	892	892
1023	896	384	900	900	900
1023	896	512	909	909	909
1023	896	640	917	917	917
1023	896	768	925	925	925
1023	896	896	934	934	934
1023	896	1023	942	942	942
1023	1023	0	958	958	958
1023	1023	128	967	967	967
1023	1023	256	975	975	975
1023	1023	384	984	984	984
1023	1023	512	992	992	992
1023	1023	640	1000	1000	1000
1023	1023	768	1009	1009	1009
1023	1023	896	1017	1017	1017
1023	1023	1023	1023	1023	1023
