0	0	0	0	0	0
0	0	128	32	22	130
0	0	256	63	42	254
0	0	384	95	63	381
0	0	512	126	84	507
0	0	640	157	105	632
0	0	768	187	125	751
0	0	896	219	146	879
0	0	1023	249	166	1001
0	128	0	37	134	15
0	128	128	47	130	131
0	128	256	73	135	264
0	128	384	100	136	386
0	128	512	129	145	505
0	128	640	159	157	629
0	128	768	189	170	750
0	128	896	220	185	877
0	128	1023	250	197	997
0	256	0	72	264	29
0	256	128	74	253	127
0	256	256	92	257	260
0	256	384	116	258	392
0	256	512	142	260	513
0	256	640	168	264	632
0	256	768	196	271	749
0	256	896	226	280	877
0	256	1023	255	288	997
0	384	0	107	392	44
0	384	128	108	385	124
0	384	256	117	374	256
0	384	384	138	383	389
0	384	512	159	382	515
0	384	640	182	380	633
0	384	768	207	383	749
0	384	896	237	389	881
0	384	1023	264	396	1002
0	512	0	142	518	58
0	512	128	142	512	123
0	512	256	149	505	254
0	512	384	162	503	382
0	512	512	182	508	513
0	512	640	203	505	637
0	512	768	225	507	755
0	512	896	250	510	875
0	512	1023	277	513	1000
0	640	0	175	639	71
0	640	128	176	636	130
0	640	256	180	629	256
0	640	384	191	627	383
0	640	512	205	625	506
0	640	640	225	630	632
0	640	768	245	629	754
0	640	896	269	632	879
0	640	1023	291	631	994
0	768	0	208	759	85
0	768	128	208	752	146
0	768	256	212	750	259
0	768	384	220	747	383
0	768	512	232	745	505
0	768	640	248	745	628
0	768	768	267	750	749
0	768	896	288	750	874
0	768	1023	311	754	999
0	896	0	239	873	97
0	896	128	239	870	153
0	896	256	243	867	263
0	896	384	251	867	385
0	896	512	261	866	507
0	896	640	275	867	628
0	896	768	292	870	750
0	896	896	311	870	874
0	896	1023	332	872	997
0	1023	0	273	995	111
0	1023	128	273	992	162
0	1023	256	276	990	268
0	1023	384	282	990	387
0	1023	512	291	986	506
0	1023	640	304	990	630
0	1023	768	318	990	748
0	1023	896	336	993	874
0	1023	1023	354	991	992
128	0	0	124	11	0
128	0	128	122	24	130
128	0	256	132	43	254
128	0	384	148	64	381
128	0	512	168	84	507
128	0	640	191	105	630
128	0	768	216	125	753
128	0	896	245	146	878
128	0	1023	272	166	999
128	128	0	128	130	14
128	128	128	130	125	125
128	128	256	135	129	255
128	128	384	150	136	381
128	128	512	174	146	506
128	128	640	196	157	629
128	128	768	220	170	752
128	128	896	247	185	878
128	128	1023	275	201	998
128	256	0	131	262	29
128	256	128	132	258	121
128	256	256	141	255	258
128	256	384	160	256	383
128	256	512	182	260	506
128	256	640	203	264	629
128	256	768	226	271	752
128	256	896	253	280	882
128	256	1023	281	288	1004
128	384	0	147	389	43
128	384	128	148	385	119
128	384	256	162	377	254
128	384	384	172	381	386
128	384	512	192	381	511
128	384	640	214	380	628
128	384	768	237	385	754
128	384	896	262	391	883
128	384	1023	287	396	1007
128	512	0	168	513	57
128	512	128	172	509	123
128	512	256	178	506	254
128	512	384	197	499	381
128	512	512	208	505	510
128	512	640	229	504	635
128	512	768	251	507	753
128	512	896	274	510	880
128	512	1023	299	514	1006
128	640	0	199	636	71
128	640	128	202	630	135
128	640	256	207	629	256
128	640	384	219	626	384
128	640	512	234	624	506
128	640	640	248	626	629
128	640	768	268	628	750
128	640	896	289	630	876
128	640	1023	314	632	999
128	768	0	230	752	84
128	768	128	232	747	146
128	768	256	239	748	262
128	768	384	247	747	383
128	768	512	258	745	506
128	768	640	272	745	628
128	768	768	289	748	749
128	768	896	308	750	876
128	768	1023	329	756	1006
128	896	0	261	872	97
128	896	128	261	869	153
128	896	256	265	867	265
128	896	384	273	866	384
128	896	512	283	865	506
128	896	640	296	866	628
128	896	768	311	868	750
128	896	896	331	870	875
128	896	1023	350	872	999
128	1023	0	291	994	111
128	1023	128	293	990	161
128	1023	256	297	990	268
128	1023	384	302	988	387
128	1023	512	311	988	508
128	1023	640	322	988	628
128	1023	768	338	991	750
128	1023	896	354	991	874
128	1023	1023	373	992	994
256	0	0	250	22	0
256	0	128	249	30	130
256	0	256	246	46	254
256	0	384	254	66	381
256	0	512	265	86	506
256	0	640	280	106	631
256	0	768	298	126	753
256	0	896	317	147	879
256	0	1023	335	166	999
256	128	0	249	125	12
256	128	128	246	126	125
256	128	256	250	135	255
256	128	384	258	142	381
256	128	512	267	146	506
256	128	640	281	158	629
256	128	768	297	171	751
256	128	896	318	186	879
256	128	1023	338	201	999
256	256	0	250	255	28
256	256	128	251	253	115
256	256	256	253	253	255
256	256	384	261	256	380
256	256	512	271	258	505
256	256	640	285	264	629
256	256	768	301	269	751
256	256	896	321	281	881
256	256	1023	341	288	1003
256	384	0	253	385	43
256	384	128	252	382	112
256	384	256	258	377	249
256	384	384	265	378	383
256	384	512	279	378	506
256	384	640	291	380	633
256	384	768	308	385	760
256	384	896	328	391	888
256	384	1023	346	397	1009
256	512	0	263	509	56
256	512	128	266	507	123
256	512	256	269	503	251
256	512	384	280	502	382
256	512	512	288	503	507
256	512	640	302	502	629
256	512	768	317	506	752
256	512	896	336	511	886
256	512	1023	353	514	1012
256	640	0	280	632	70
256	640	128	284	628	134
256	640	256	290	627	256
256	640	384	296	626	382
256	640	512	305	623	505
256	640	640	318	625	629
256	640	768	331	628	751
256	640	896	349	632	882
256	640	1023	364	635	1010
256	768	0	303	751	84
256	768	128	307	747	146
256	768	256	309	747	262
256	768	384	316	746	383
256	768	512	324	746	506
256	768	640	334	746	628
256	768	768	347	748	749
256	768	896	362	752	879
256	768	1023	377	757	1010
256	896	0	325	872	97
256	896	128	327	868	153
256	896	256	330	868	263
256	896	384	335	865	384
256	896	512	342	864	506
256	896	640	354	866	630
256	896	768	367	868	750
256	896	896	382	871	875
256	896	1023	396	874	1000
256	1023	0	350	996	111
256	1023	128	351	990	161
256	1023	256	353	990	267
256	1023	384	358	991	387
256	1023	512	365	987	507
256	1023	640	375	990	630
256	1023	768	387	990	749
256	1023	896	402	993	876
256	1023	1023	414	992	994
384	0	0	368	33	0
384	0	128	372	39	130
384	0	256	371	52	257
384	0	384	371	70	383
384	0	512	377	89	507
384	0	640	385	108	630
384	0	768	398	128	753
384	0	896	412	148	878
384	0	1023	425	168	999
384	128	0	369	127	10
384	128	128	366	128	125
384	128	256	367	132	254
384	128	384	371	143	381
384	128	512	378	148	506
384	128	640	386	159	630
384	128	768	397	172	751
384	128	896	412	187	878
384	128	1023	426	202	998
384	256	0	368	254	27
384	256	128	373	249	121
384	256	256	369	254	255
384	256	384	374	257	380
384	256	512	381	259	506
384	256	640	388	265	629
384	256	768	400	272	752
384	256	896	414	281	877
384	256	1023	429	289	998
384	384	0	374	379	41
384	384	128	375	378	105
384	384	256	374	375	244
384	384	384	378	375	381
384	384	512	385	378	507
384	384	640	393	379	630
384	384	768	404	385	754
384	384	896	418	390	879
384	384	1023	433	397	1007
384	512	0	375	509	56
384	512	128	377	504	117
384	512	256	381	502	251
384	512	384	385	501	379
384	512	512	392	501	505
384	512	640	399	502	628
384	512	768	410	507	758
384	512	896	423	509	891
384	512	1023	436	512	1022
384	640	0	386	631	70
384	640	128	390	625	139
384	640	256	393	624	258
384	640	384	396	624	382
384	640	512	403	623	506
384	640	640	410	624	628
384	640	768	418	627	753
384	640	896	430	632	886
384	640	1023	441	634	1017
384	768	0	399	749	83
384	768	128	405	748	146
384	768	256	404	745	262
384	768	384	410	747	383
384	768	512	414	745	505
384	768	640	423	747	628
384	768	768	434	749	750
384	768	896	439	752	881
384	768	1023	448	757	1018
384	896	0	417	874	97
384	896	128	418	869	153
384	896	256	420	866	263
384	896	384	424	866	385
384	896	512	428	863	507
384	896	640	438	867	629
384	896	768	447	868	748
384	896	896	461	871	876
384	896	1023	464	875	1005
384	1023	0	432	994	110
384	1023	128	435	991	161
384	1023	256	438	991	267
384	1023	384	441	990	387
384	1023	512	445	987	508
384	1023	640	451	990	628
384	1023	768	461	988	748
384	1023	896	473	993	875
384	1023	1023	480	996	998
512	0	0	490	44	0
512	0	128	492	48	124
512	0	256	492	59	257
512	0	384	493	75	384
512	0	512	493	92	506
512	0	640	499	111	630
512	0	768	507	130	753
512	0	896	517	150	877
512	0	1023	528	169	998
512	128	0	482	134	6
512	128	128	484	135	125
512	128	256	484	139	254
512	128	384	489	145	381
512	128	512	493	154	506
512	128	640	498	161	629
512	128	768	506	174	751
512	128	896	518	189	878
512	128	1023	528	204	998
512	256	0	494	253	25
512	256	128	490	253	126
512	256	256	487	252	255
512	256	384	491	258	382
512	256	512	494	260	506
512	256	640	500	266	629
512	256	768	509	273	751
512	256	896	519	282	877
512	256	1023	529	292	998
512	384	0	485	376	40
512	384	128	492	374	124
512	384	256	492	374	249
512	384	384	493	376	381
512	384	512	497	377	505
512	384	640	503	380	629
512	384	768	512	386	751
512	384	896	521	390	875
512	384	1023	532	397	996
512	512	0	496	505	55
512	512	128	497	503	110
512	512	256	497	501	241
512	512	384	499	501	375
512	512	512	502	500	506
512	512	640	507	502	630
512	512	768	516	505	754
512	512	896	526	508	883
512	512	1023	536	511	1006
512	640	0	499	632	70
512	640	128	502	630	123
512	640	256	502	627	251
512	640	384	507	625	382
512	640	512	508	622	504
512	640	640	515	624	628
512	640	768	520	628	757
512	640	896	529	631	891
512	640	1023	538	633	1023
512	768	0	507	753	83
512	768	128	510	750	141
512	768	256	513	746	262
512	768	384	515	746	383
512	768	512	518	745	505
512	768	640	525	747	629
512	768	768	533	748	749
512	768	896	534	755	886
512	768	1023	540	758	1022
512	896	0	518	873	97
512	896	128	521	869	153
512	896	256	522	866	263
512	896	384	525	866	385
512	896	512	528	865	507
512	896	640	535	867	629
512	896	768	544	868	750
512	896	896	553	872	876
512	896	1023	551	876	1008
512	1023	0	528	991	110
512	1023	128	535	992	161
512	1023	256	534	993	265
512	1023	384	536	995	381
512	1023	512	537	992	499
512	1023	640	544	994	626
512	1023	768	551	992	747
512	1023	896	563	992	875
512	1023	1023	564	995	998
640	0	0	609	55	0
640	0	128	610	57	124
640	0	256	605	67	254
640	0	384	609	81	381
640	0	512	609	97	505
640	0	640	616	115	631
640	0	768	621	133	751
640	0	896	628	153	878
640	0	1023	636	171	997
640	128	0	601	137	0
640	128	128	603	138	124
640	128	256	604	142	254
640	128	384	607	148	380
640	128	512	609	152	505
640	128	640	615	164	630
640	128	768	620	176	751
640	128	896	628	190	876
640	128	1023	636	205	996
640	256	0	611	252	23
640	256	128	604	254	126
640	256	256	605	254	253
640	256	384	608	259	380
640	256	512	610	261	505
640	256	640	616	267	629
640	256	768	621	275	751
640	256	896	629	283	876
640	256	1023	637	291	996
640	384	0	609	377	39
640	384	128	611	374	123
640	384	256	608	375	254
640	384	384	611	377	381
640	384	512	612	378	504
640	384	640	618	382	628
640	384	768	625	387	750
640	384	896	631	391	874
640	384	1023	638	396	995
640	512	0	608	502	54
640	512	128	611	500	133
640	512	256	611	499	256
640	512	384	614	500	379
640	512	512	616	499	504
640	512	640	621	503	628
640	512	768	626	505	748
640	512	896	634	508	874
640	512	1023	641	511	993
640	640	0	617	630	69
640	640	128	620	628	123
640	640	256	619	626	246
640	640	384	620	625	372
640	640	512	620	623	499
640	640	640	627	626	629
640	640	768	632	626	752
640	640	896	640	629	881
640	640	1023	646	628	1006
640	768	0	619	752	83
640	768	128	622	750	136
640	768	256	622	747	252
640	768	384	624	745	378
640	768	512	628	744	505
640	768	640	633	745	627
640	768	768	639	749	749
640	768	896	639	753	890
640	768	1023	647	753	1021
640	896	0	627	872	96
640	896	128	630	868	148
640	896	256	632	867	263
640	896	384	635	867	384
640	896	512	637	864	506
640	896	640	640	867	627
640	896	768	647	868	748
640	896	896	654	871	876
640	896	1023	648	875	1013
640	1023	0	637	994	110
640	1023	128	641	995	153
640	1023	256	639	993	256
640	1023	384	640	995	372
640	1023	512	641	996	495
640	1023	640	643	996	618
640	1023	768	650	996	744
640	1023	896	665	992	873
640	1023	1023	663	997	999
768	0	0	721	65	0
768	0	128	719	67	129
768	0	256	719	75	254
768	0	384	723	87	381
768	0	512	726	103	507
768	0	640	729	119	630
768	0	768	735	137	752
768	0	896	741	156	878
768	0	1023	746	174	998
768	128	0	717	141	0
768	128	128	719	142	124
768	128	256	720	146	254
768	128	384	723	152	380
768	128	512	725	156	506
768	128	640	729	167	629
768	128	768	734	179	751
768	128	896	741	193	878
768	128	1023	745	208	996
768	256	0	722	256	21
768	256	128	721	256	126
768	256	256	720	256	252
768	256	384	723	261	380
768	256	512	726	263	505
768	256	640	729	269	629
768	256	768	733	276	750
768	256	896	741	285	877
768	256	1023	746	292	997
768	384	0	723	376	38
768	384	128	725	375	129
768	384	256	723	376	254
768	384	384	725	378	379
768	384	512	727	379	505
768	384	640	731	383	628
768	384	768	736	386	750
768	384	896	742	394	876
768	384	1023	747	397	995
768	512	0	720	502	53
768	512	128	724	500	133
768	512	256	725	499	256
768	512	384	727	500	378
768	512	512	732	499	502
768	512	640	737	501	629
768	512	768	739	506	750
768	512	896	744	510	874
768	512	1023	749	513	994
768	640	0	729	629	68
768	640	128	729	623	138
768	640	256	729	622	258
768	640	384	732	624	381
768	640	512	732	623	504
768	640	640	740	622	625
768	640	768	744	626	750
768	640	896	749	630	874
768	640	1023	754	631	993
768	768	0	733	751	82
768	768	128	736	747	140
768	768	256	737	747	254
768	768	384	736	746	380
768	768	512	737	744	503
768	768	640	743	746	627
768	768	768	747	747	749
768	768	896	753	749	879
768	768	1023	759	751	1004
768	896	0	736	870	95
768	896	128	742	870	152
768	896	256	743	868	265
768	896	384	743	867	384
768	896	512	744	865	502
768	896	640	748	869	625
768	896	768	753	870	747
768	896	896	757	870	875
768	896	1023	752	873	1014
768	1023	0	745	995	110
768	1023	128	749	994	161
768	1023	256	748	993	260
768	1023	384	748	993	370
768	1023	512	747	996	487
768	1023	640	749	994	611
768	1023	768	752	999	740
768	1023	896	762	993	872
768	1023	1023	763	997	998
896	0	0	834	75	0
896	0	128	836	77	123
896	0	256	839	84	254
896	0	384	841	95	381
896	0	512	840	109	504
896	0	640	844	125	629
896	0	768	847	141	750
896	0	896	852	160	876
896	0	1023	857	177	995
896	128	0	834	146	0
896	128	128	837	147	124
896	128	256	840	150	254
896	128	384	840	156	380
896	128	512	841	160	505
896	128	640	844	170	629
896	128	768	847	182	749
896	128	896	853	196	876
896	128	1023	856	210	995
896	256	0	834	258	17
896	256	128	837	258	125
896	256	256	839	260	255
896	256	384	840	263	379
896	256	512	840	265	503
896	256	640	843	271	628
896	256	768	848	278	748
896	256	896	853	285	874
896	256	1023	857	294	995
896	384	0	837	376	36
896	384	128	838	376	128
896	384	256	840	377	253
896	384	384	843	378	378
896	384	512	845	376	501
896	384	640	849	380	627
896	384	768	853	385	751
896	384	896	855	391	876
896	384	1023	859	397	994
896	512	0	837	503	52
896	512	128	841	500	132
896	512	256	844	500	253
896	512	384	849	496	371
896	512	512	852	495	498
896	512	640	856	498	627
896	512	768	856	501	750
896	512	896	858	509	875
896	512	1023	859	513	992
896	640	0	840	626	67
896	640	128	844	624	138
896	640	256	845	624	258
896	640	384	846	623	381
896	640	512	852	622	498
896	640	640	860	620	622
896	640	768	864	622	750
896	640	896	862	627	875
896	640	1023	863	630	992
896	768	0	846	747	81
896	768	128	850	748	145
896	768	256	850	747	261
896	768	384	851	745	381
896	768	512	852	745	504
896	768	640	857	746	627
896	768	768	866	746	744
896	768	896	866	749	873
896	768	1023	869	750	992
896	896	0	849	869	95
896	896	128	856	868	152
896	896	256	855	866	265
896	896	384	858	867	383
896	896	512	857	864	504
896	896	640	861	866	627
896	896	768	864	867	746
896	896	896	867	865	869
896	896	1023	872	867	998
896	1023	0	857	993	109
896	1023	128	861	992	160
896	1023	256	861	989	267
896	1023	384	863	990	382
896	1023	512	862	987	498
896	1023	640	865	991	615
896	1023	768	867	993	734
896	1023	896	871	995	866
896	1023	1023	876	994	994
1023	0	0	956	86	0
1023	0	128	961	88	128
1023	0	256	961	94	254
1023	0	384	961	104	381
1023	0	512	961	116	505
1023	0	640	964	131	629
1023	0	768	967	147	750
1023	0	896	971	164	876
1023	0	1023	973	182	996
1023	128	0	956	151	0
1023	128	128	961	152	129
1023	128	256	961	155	254
1023	128	384	961	161	380
1023	128	512	961	164	505
1023	128	640	963	174	628
1023	128	768	966	186	750
1023	128	896	971	200	876
1023	128	1023	972	214	995
1023	256	0	955	263	11
1023	256	128	960	261	130
1023	256	256	962	263	254
1023	256	384	961	266	380
1023	256	512	961	268	505
1023	256	640	966	271	628
1023	256	768	970	279	751
1023	256	896	973	287	878
1023	256	1023	973	296	995
1023	384	0	956	381	34
1023	384	128	965	380	128
1023	384	256	968	378	251
1023	384	384	968	378	378
1023	384	512	971	378	502
1023	384	640	975	379	627
1023	384	768	976	385	753
1023	384	896	976	391	877
1023	384	1023	977	397	997
1023	512	0	956	504	50
1023	512	128	962	503	132
1023	512	256	970	501	248
1023	512	384	975	497	370
1023	512	512	978	496	497
1023	512	640	982	495	624
1023	512	768	982	499	751
1023	512	896	983	503	879
1023	512	1023	980	511	998
1023	640	0	959	628	66
1023	640	128	964	627	138
1023	640	256	964	626	258
1023	640	384	969	625	376
1023	640	512	982	620	490
1023	640	640	985	619	619
1023	640	768	989	619	748
1023	640	896	987	624	879
1023	640	1023	981	631	997
1023	768	0	964	752	80
1023	768	128	969	751	144
1023	768	256	969	749	261
1023	768	384	970	747	378
1023	768	512	971	745	499
1023	768	640	984	746	617
1023	768	768	990	744	741
1023	768	896	992	746	876
1023	768	1023	987	750	996
1023	896	0	969	874	95
1023	896	128	972	869	152
1023	896	256	972	868	262
1023	896	384	974	868	383
1023	896	512	974	866	503
1023	896	640	980	867	619
1023	896	768	987	868	740
1023	896	896	991	865	867
1023	896	1023	989	871	995
1023	1023	0	973	995	109
1023	1023	128	979	995	160
1023	1023	256	977	992	267
1023	1023	384	978	992	386
1023	1023	512	979	989	506
1023	1023	640	982	991	628
1023	1023	768	985	989	747
1023	1023	896	990	993	874
1023 	1023 	1023 	990	990	990
