0	0	0	0	0	0
0	0	128	23	23	386
0	0	256	23	23	537
0	0	384	23	23	652
0	0	512	23	23	747
0	0	640	23	23	827
0	0	768	23	23	898
0	0	896	23	23	964
0	0	1023	200	0	952
0	128	0	23	383	23
0	128	128	23	383	386
0	128	256	23	383	537
0	128	384	23	383	652
0	128	512	23	383	747
0	128	640	23	383	827
0	128	768	23	383	898
0	128	896	23	383	964
0	128	1023	202	123	951
0	256	0	23	534	23
0	256	128	23	534	386
0	256	256	23	534	537
0	256	384	23	534	652
0	256	512	23	534	747
0	256	640	23	534	827
0	256	768	23	534	898
0	256	896	23	534	964
0	256	1023	212	255	952
0	384	0	23	647	23
0	384	128	23	647	386
0	384	256	23	647	537
0	384	384	23	647	652
0	384	512	23	647	747
0	384	640	23	647	827
0	384	768	23	647	898
0	384	896	23	647	964
0	384	1023	228	377	957
0	512	0	23	742	23
0	512	128	23	742	386
0	512	256	23	742	537
0	512	384	23	742	652
0	512	512	23	742	747
0	512	640	23	742	827
0	512	768	23	742	898
0	512	896	23	742	964
0	512	1023	249	507	954
0	640	0	23	821	23
0	640	128	23	821	386
0	640	256	23	821	537
0	640	384	23	821	652
0	640	512	23	821	747
0	640	640	23	821	827
0	640	768	23	821	898
0	640	896	23	821	964
0	640	1023	275	632	958
0	768	0	23	892	23
0	768	128	23	892	386
0	768	256	23	892	537
0	768	384	23	892	652
0	768	512	23	892	747
0	768	640	23	892	827
0	768	768	23	892	898
0	768	896	23	892	964
0	768	1023	304	758	959
0	896	0	23	957	23
0	896	128	23	957	386
0	896	256	23	957	537
0	896	384	23	957	652
0	896	512	23	957	747
0	896	640	23	957	827
0	896	768	23	957	898
0	896	896	23	957	964
0	896	1023	333	879	956
0	1023	0	315	996	0
0	1023	128	316	998	127
0	1023	256	320	1004	244
0	1023	384	324	1005	362
0	1023	512	329	1007	481
0	1023	640	334	999	609
0	1023	768	343	998	725
0	1023	896	355	1004	845
0	1023	1023	365	1000	960
128	0	0	386	53	23
128	0	128	386	53	386
128	0	256	386	53	537
128	0	384	386	53	652
128	0	512	386	53	747
128	0	640	386	53	827
128	0	768	386	53	898
128	0	896	386	53	964
128	0	1023	231	0	958
128	128	0	386	386	23
128	128	128	386	386	386
128	128	256	386	386	537
128	128	384	386	386	652
128	128	512	386	386	747
128	128	640	386	386	827
128	128	768	386	386	898
128	128	896	386	386	964
128	128	1023	233	124	955
128	256	0	386	535	23
128	256	128	386	535	386
128	256	256	386	535	537
128	256	384	386	535	652
128	256	512	386	535	747
128	256	640	386	535	827
128	256	768	386	535	898
128	256	896	386	535	964
128	256	1023	241	257	955
128	384	0	386	649	23
128	384	128	386	649	386
128	384	256	386	649	537
128	384	384	386	649	652
128	384	512	386	649	747
128	384	640	386	649	827
128	384	768	386	649	898
128	384	896	386	649	964
128	384	1023	255	380	959
128	512	0	386	744	23
128	512	128	386	744	386
128	512	256	386	744	537
128	512	384	386	744	652
128	512	512	386	744	747
128	512	640	386	744	827
128	512	768	386	744	898
128	512	896	386	744	964
128	512	1023	274	509	960
128	640	0	386	822	23
128	640	128	386	822	386
128	640	256	386	822	537
128	640	384	386	822	652
128	640	512	386	822	747
128	640	640	386	822	827
128	640	768	386	822	898
128	640	896	386	822	964
128	640	1023	297	635	960
128	768	0	386	893	23
128	768	128	386	893	386
128	768	256	386	893	537
128	768	384	386	893	652
128	768	512	386	893	747
128	768	640	386	893	827
128	768	768	386	893	898
128	768	896	386	893	964
128	768	1023	322	758	957
128	896	0	386	958	23
128	896	128	386	958	386
128	896	256	386	958	537
128	896	384	386	958	652
128	896	512	386	958	747
128	896	640	386	958	827
128	896	768	386	958	898
128	896	896	386	958	964
128	896	1023	351	882	957
128	1023	0	337	1005	0
128	1023	128	336	1000	122
128	1023	256	342	1006	244
128	1023	384	344	1008	362
128	1023	512	350	1009	481
128	1023	640	355	1000	609
128	1023	768	363	1001	725
128	1023	896	372	1001	846
128	1023	1023	383	1003	962
256	0	0	537	72	23
256	0	128	537	72	386
256	0	256	537	72	537
256	0	384	537	72	652
256	0	512	537	72	747
256	0	640	537	72	827
256	0	768	537	72	898
256	0	896	537	72	964
256	0	1023	309	0	959
256	128	0	537	389	23
256	128	128	537	389	386
256	128	256	537	389	537
256	128	384	537	389	652
256	128	512	537	389	747
256	128	640	537	389	827
256	128	768	537	389	898
256	128	896	537	389	964
256	128	1023	315	125	960
256	256	0	537	537	23
256	256	128	537	537	386
256	256	256	537	537	537
256	256	384	537	537	652
256	256	512	537	537	747
256	256	640	537	537	827
256	256	768	537	537	898
256	256	896	537	537	964
256	256	1023	320	258	959
256	384	0	537	650	23
256	384	128	537	650	386
256	384	256	537	650	537
256	384	384	537	650	652
256	384	512	537	650	747
256	384	640	537	650	827
256	384	768	537	650	898
256	384	896	537	650	964
256	384	1023	330	385	956
256	512	0	537	745	23
256	512	128	537	745	386
256	512	256	537	745	537
256	512	384	537	745	652
256	512	512	537	745	747
256	512	640	537	745	827
256	512	768	537	745	898
256	512	896	537	745	964
256	512	1023	341	506	960
256	640	0	537	823	23
256	640	128	537	823	386
256	640	256	537	823	537
256	640	384	537	823	652
256	640	512	537	823	747
256	640	640	537	823	827
256	640	768	537	823	898
256	640	896	537	823	964
256	640	1023	358	632	956
256	768	0	537	894	23
256	768	128	537	894	386
256	768	256	537	894	537
256	768	384	537	894	652
256	768	512	537	894	747
256	768	640	537	894	827
256	768	768	537	894	898
256	768	896	537	894	964
256	768	1023	382	761	957
256	896	0	537	959	23
256	896	128	537	959	386
256	896	256	537	959	537
256	896	384	537	959	652
256	896	512	537	959	747
256	896	640	537	959	827
256	896	768	537	959	898
256	896	896	537	959	964
256	896	1023	406	887	961
256	1023	0	394	1003	0
256	1023	128	394	1001	122
256	1023	256	397	1006	248
256	1023	384	399	1008	366
256	1023	512	404	1004	482
256	1023	640	408	1005	605
256	1023	768	415	1001	722
256	1023	896	423	1006	842
256	1023	1023	433	1002	957
384	0	0	652	87	23
384	0	128	652	87	386
384	0	256	652	87	537
384	0	384	652	87	652
384	0	512	652	87	747
384	0	640	652	87	827
384	0	768	652	87	898
384	0	896	652	87	963
384	0	1023	408	0	954
384	128	0	652	391	23
384	128	128	652	391	386
384	128	256	652	391	537
384	128	384	652	391	652
384	128	512	652	391	747
384	128	640	652	391	827
384	128	768	652	391	898
384	128	896	652	391	963
384	128	1023	411	127	959
384	256	0	652	539	23
384	256	128	652	539	386
384	256	256	652	539	537
384	256	384	652	539	652
384	256	512	652	539	747
384	256	640	652	539	827
384	256	768	652	539	898
384	256	896	652	539	963
384	256	1023	415	254	959
384	384	0	652	652	23
384	384	128	652	652	386
384	384	256	652	652	537
384	384	384	652	652	652
384	384	512	652	652	747
384	384	640	652	652	827
384	384	768	652	652	898
384	384	896	652	652	963
384	384	1023	425	381	955
384	512	0	652	746	23
384	512	128	652	746	386
384	512	256	652	746	537
384	512	384	652	746	652
384	512	512	652	746	747
384	512	640	652	746	827
384	512	768	652	746	898
384	512	896	652	746	963
384	512	1023	432	510	956
384	640	0	652	825	23
384	640	128	652	825	386
384	640	256	652	825	537
384	640	384	652	825	652
384	640	512	652	825	747
384	640	640	652	825	827
384	640	768	652	825	898
384	640	896	652	825	963
384	640	1023	449	632	960
384	768	0	652	895	23
384	768	128	652	895	386
384	768	256	652	895	537
384	768	384	652	895	652
384	768	512	652	895	747
384	768	640	652	895	827
384	768	768	652	895	898
384	768	896	652	895	963
384	768	1023	463	761	956
384	896	0	652	960	23
384	896	128	652	960	386
384	896	256	652	960	537
384	896	384	652	960	652
384	896	512	652	960	747
384	896	640	652	960	827
384	896	768	652	960	898
384	896	896	652	960	963
384	896	1023	486	886	956
384	1023	0	476	1003	0
384	1023	128	475	1002	127
384	1023	256	473	1001	246
384	1023	384	479	1002	364
384	1023	512	480	1008	481
384	1023	640	487	1004	608
384	1023	768	491	1005	725
384	1023	896	495	1001	841
384	1023	1023	508	1006	960
512	0	0	747	99	23
512	0	128	747	99	386
512	0	256	747	99	537
512	0	384	747	99	652
512	0	512	747	99	747
512	0	640	747	99	827
512	0	768	747	99	898
512	0	896	747	99	963
512	0	1023	517	0	957
512	128	0	747	394	23
512	128	128	747	394	386
512	128	256	747	394	537
512	128	384	747	394	652
512	128	512	747	394	747
512	128	640	747	394	827
512	128	768	747	394	898
512	128	896	747	394	963
512	128	1023	518	131	954
512	256	0	747	541	23
512	256	128	747	541	386
512	256	256	747	541	537
512	256	384	747	541	652
512	256	512	747	541	747
512	256	640	747	541	827
512	256	768	747	541	898
512	256	896	747	541	963
512	256	1023	522	255	954
512	384	0	747	653	23
512	384	128	747	653	386
512	384	256	747	653	537
512	384	384	747	653	652
512	384	512	747	653	747
512	384	640	747	653	827
512	384	768	747	653	898
512	384	896	747	653	963
512	384	1023	531	382	958
512	512	0	747	747	23
512	512	128	747	747	386
512	512	256	747	747	537
512	512	384	747	747	652
512	512	512	747	747	747
512	512	640	747	747	827
512	512	768	747	747	898
512	512	896	747	747	963
512	512	1023	536	511	958
512	640	0	747	826	23
512	640	128	747	826	386
512	640	256	747	826	537
512	640	384	747	826	652
512	640	512	747	826	747
512	640	640	747	826	827
512	640	768	747	826	898
512	640	896	747	826	963
512	640	1023	550	636	955
512	768	0	747	896	23
512	768	128	747	896	386
512	768	256	747	896	537
512	768	384	747	896	652
512	768	512	747	896	747
512	768	640	747	896	827
512	768	768	747	896	898
512	768	896	747	896	963
512	768	1023	561	761	959
512	896	0	747	961	23
512	896	128	747	961	386
512	896	256	747	961	537
512	896	384	747	961	652
512	896	512	747	961	747
512	896	640	747	961	827
512	896	768	747	961	898
512	896	896	747	961	963
512	896	1023	580	885	959
512	1023	0	573	1005	9
512	1023	128	572	1003	123
512	1023	256	570	1006	244
512	1023	384	571	1006	360
512	1023	512	577	1007	480
512	1023	640	580	1000	604
512	1023	768	585	1004	721
512	1023	896	588	1005	840
512	1023	1023	597	1001	955
640	0	0	827	110	23
640	0	128	827	110	386
640	0	256	827	110	537
640	0	384	827	110	652
640	0	512	827	110	747
640	0	640	827	110	827
640	0	768	827	110	898
640	0	896	827	110	963
640	0	1023	636	21	957
640	128	0	827	397	23
640	128	128	827	397	386
640	128	256	827	397	537
640	128	384	827	397	652
640	128	512	827	397	747
640	128	640	827	397	827
640	128	768	827	397	898
640	128	896	827	397	963
640	128	1023	637	135	957
640	256	0	827	543	23
640	256	128	827	543	386
640	256	256	827	543	537
640	256	384	827	543	652
640	256	512	827	543	747
640	256	640	827	543	827
640	256	768	827	543	898
640	256	896	827	543	963
640	256	1023	640	258	954
640	384	0	827	654	23
640	384	128	827	654	386
640	384	256	827	654	537
640	384	384	827	654	652
640	384	512	827	654	747
640	384	640	827	654	827
640	384	768	827	654	898
640	384	896	827	654	963
640	384	1023	648	382	958
640	512	0	827	748	23
640	512	128	827	748	386
640	512	256	827	748	537
640	512	384	827	748	652
640	512	512	827	748	747
640	512	640	827	748	827
640	512	768	827	748	898
640	512	896	827	748	963
640	512	1023	652	512	958
640	640	0	827	827	23
640	640	128	827	827	386
640	640	256	827	827	537
640	640	384	827	827	652
640	640	512	827	827	747
640	640	640	827	827	827
640	640	768	827	827	898
640	640	896	827	827	963
640	640	1023	657	632	954
640	768	0	827	897	23
640	768	128	827	897	386
640	768	256	827	897	537
640	768	384	827	897	652
640	768	512	827	897	747
640	768	640	827	897	827
640	768	768	827	897	898
640	768	896	827	897	963
640	768	1023	671	758	955
640	896	0	827	962	23
640	896	128	827	962	386
640	896	256	827	962	537
640	896	384	827	962	652
640	896	512	827	962	747
640	896	640	827	962	827
640	896	768	827	962	898
640	896	896	827	962	963
640	896	1023	681	886	955
640	1023	0	681	1006	14
640	1023	128	679	1005	123
640	1023	256	683	1004	244
640	1023	384	680	1003	362
640	1023	512	681	999	480
640	1023	640	685	1004	604
640	1023	768	686	1005	718
640	1023	896	694	1001	836
640	1023	1023	696	1006	955
768	0	0	898	119	23
768	0	128	898	119	385
768	0	256	898	119	537
768	0	384	898	119	652
768	0	512	898	119	747
768	0	640	898	119	827
768	0	768	898	119	898
768	0	896	898	119	963
768	0	1023	753	50	952
768	128	0	898	399	23
768	128	128	898	399	385
768	128	256	898	399	537
768	128	384	898	399	652
768	128	512	898	399	747
768	128	640	898	399	827
768	128	768	898	399	898
768	128	896	898	399	963
768	128	1023	754	141	952
768	256	0	898	544	23
768	256	128	898	544	385
768	256	256	898	544	537
768	256	384	898	544	652
768	256	512	898	544	747
768	256	640	898	544	827
768	256	768	898	544	898
768	256	896	898	544	963
768	256	1023	761	260	957
768	384	0	898	656	23
768	384	128	898	656	385
768	384	256	898	656	537
768	384	384	898	656	652
768	384	512	898	656	747
768	384	640	898	656	827
768	384	768	898	656	898
768	384	896	898	656	963
768	384	1023	764	388	953
768	512	0	898	749	23
768	512	128	898	749	385
768	512	256	898	749	537
768	512	384	898	749	652
768	512	512	898	749	747
768	512	640	898	749	827
768	512	768	898	749	898
768	512	896	898	749	963
768	512	1023	770	512	957
768	640	0	898	828	23
768	640	128	898	828	385
768	640	256	898	828	537
768	640	384	898	828	652
768	640	512	898	828	747
768	640	640	898	828	827
768	640	768	898	828	898
768	640	896	898	828	963
768	640	1023	770	637	953
768	768	0	898	898	23
768	768	128	898	898	385
768	768	256	898	898	537
768	768	384	898	898	652
768	768	512	898	898	747
768	768	640	898	898	827
768	768	768	898	898	898
768	768	896	898	898	963
768	768	1023	783	762	954
768	896	0	898	962	23
768	896	128	898	962	385
768	896	256	898	962	537
768	896	384	898	962	652
768	896	512	898	962	747
768	896	640	898	962	827
768	896	768	898	962	898
768	896	896	898	962	963
768	896	1023	791	885	950
768	1023	0	792	1003	19
768	1023	128	790	1005	123
768	1023	256	792	1000	244
768	1023	384	793	1004	365
768	1023	512	791	999	483
768	1023	640	791	1000	600
768	1023	768	797	1000	721
768	1023	896	801	1000	839
768	1023	1023	802	1001	950
896	0	0	963	128	23
896	0	128	963	128	385
896	0	256	963	128	537
896	0	384	963	128	652
896	0	512	963	128	747
896	0	640	963	128	827
896	0	768	963	128	898
896	0	896	963	128	963
896	0	1023	871	68	956
896	128	0	963	401	23
896	128	128	963	401	385
896	128	256	963	401	537
896	128	384	963	401	652
896	128	512	963	401	747
896	128	640	963	401	827
896	128	768	963	401	898
896	128	896	963	401	963
896	128	1023	873	147	956
896	256	0	963	546	23
896	256	128	963	546	385
896	256	256	963	546	537
896	256	384	963	546	652
896	256	512	963	546	747
896	256	640	963	546	827
896	256	768	963	546	898
896	256	896	963	546	963
896	256	1023	881	268	953
896	384	0	963	658	23
896	384	128	963	658	385
896	384	256	963	658	537
896	384	384	963	658	652
896	384	512	963	658	747
896	384	640	963	658	827
896	384	768	963	658	898
896	384	896	963	658	963
896	384	1023	883	385	956
896	512	0	963	751	23
896	512	128	963	751	385
896	512	256	963	751	537
896	512	384	963	751	652
896	512	512	963	751	747
896	512	640	963	751	827
896	512	768	963	751	898
896	512	896	963	751	963
896	512	1023	884	510	953
896	640	0	963	829	23
896	640	128	963	829	385
896	640	256	963	829	537
896	640	384	963	829	652
896	640	512	963	829	747
896	640	640	963	829	827
896	640	768	963	829	898
896	640	896	963	829	963
896	640	1023	891	638	954
896	768	0	963	899	23
896	768	128	963	899	385
896	768	256	963	899	537
896	768	384	963	899	652
896	768	512	963	899	747
896	768	640	963	899	827
896	768	768	963	899	898
896	768	896	963	899	963
896	768	1023	894	759	954
896	896	0	963	963	23
896	896	128	963	963	385
896	896	256	963	963	537
896	896	384	963	963	652
896	896	512	963	963	747
896	896	640	963	963	827
896	896	768	963	963	898
896	896	896	963	963	963
896	896	1023	904	883	954
896	1023	0	907	1005	23
896	1023	128	905	1007	129
896	1023	256	908	1002	249
896	1023	384	909	1006	366
896	1023	512	906	1005	484
896	1023	640	908	1001	600
896	1023	768	906	1001	718
896	1023	896	910	1005	835
896	1023	1023	915	1006	950
1023	0	0	976	101	29
1023	0	128	974	100	130
1023	0	256	974	100	247
1023	0	384	978	99	364
1023	0	512	975	97	482
1023	0	640	977	95	604
1023	0	768	982	92	720
1023	0	896	983	88	841
1023	0	1023	985	84	954
1023	128	0	982	163	29
1023	128	128	976	159	130
1023	128	256	976	163	247
1023	128	384	977	158	365
1023	128	512	981	161	483
1023	128	640	979	156	605
1023	128	768	985	154	721
1023	128	896	984	152	841
1023	128	1023	987	154	956
1023	256	0	984	272	29
1023	256	128	982	272	125
1023	256	256	983	274	247
1023	256	384	979	273	361
1023	256	512	980	268	480
1023	256	640	981	268	602
1023	256	768	983	271	721
1023	256	896	991	266	838
1023	256	1023	990	267	952
1023	384	0	984	391	29
1023	384	128	982	393	125
1023	384	256	986	393	245
1023	384	384	982	393	361
1023	384	512	987	388	480
1023	384	640	984	391	602
1023	384	768	991	388	718
1023	384	896	993	387	842
1023	384	1023	992	390	952
1023	512	0	988	514	29
1023	512	128	990	513	130
1023	512	256	986	513	245
1023	512	384	990	512	365
1023	512	512	987	511	484
1023	512	640	988	511	607
1023	512	768	990	511	719
1023	512	896	997	514	843
1023	512	1023	997	511	956
1023	640	0	994	641	29
1023	640	128	996	637	130
1023	640	256	992	636	245
1023	640	384	992	639	362
1023	640	512	996	635	481
1023	640	640	994	634	599
1023	640	768	992	637	720
1023	640	896	999	634	838
1023	640	1023	998	634	949
1023	768	0	1001	762	28
1023	768	128	1002	761	130
1023	768	256	998	760	249
1023	768	384	1002	764	362
1023	768	512	1000	760	485
1023	768	640	1001	759	600
1023	768	768	999	759	717
1023	768	896	1001	763	834
1023	768	1023	1005	763	949
1023	896	0	1013	886	28
1023	896	128	1010	884	130
1023	896	256	1006	883	245
1023	896	384	1007	884	362
1023	896	512	1012	883	485
1023	896	640	1005	887	599
1023	896	768	1011	882	720
1023	896	896	1014	883	839
1023	896	1023	1017	883	953
1023	1023	0	1019	1010	27
1023	1023	128	1017	1009	129
1023	1023	256	1017	1008	245
1023	1023	384	1017	1003	362
1023	1023	512	1018	1007	482
1023	1023	640	1018	1006	600
1023	1023	768	1017	1002	717
1023	1023	896	1023	1006	835
1023	1023	1023	1023	1003	950
