0	0	0	0	0	0
0	0	128	0	5	103
0	0	256	0	6	223
0	0	384	0	7	343
0	0	512	0	8	461
0	0	640	0	9	575
0	0	768	0	11	680
0	0	896	0	14	782
0	0	1023	0	16	883
0	128	0	0	134	0
0	128	128	0	136	95
0	128	256	0	136	215
0	128	384	0	137	335
0	128	512	0	139	453
0	128	640	0	140	567
0	128	768	0	142	672
0	128	896	0	145	773
0	128	1023	0	147	874
0	256	0	0	261	0
0	256	128	0	262	98
0	256	256	0	263	218
0	256	384	0	264	338
0	256	512	0	265	456
0	256	640	0	266	570
0	256	768	0	269	675
0	256	896	0	271	776
0	256	1023	0	273	877
0	384	0	0	385	0
0	384	128	0	386	105
0	384	256	0	387	225
0	384	384	0	388	345
0	384	512	0	390	463
0	384	640	0	391	576
0	384	768	0	393	681
0	384	896	0	395	783
0	384	1023	0	398	884
0	512	0	0	508	0
0	512	128	0	510	116
0	512	256	0	510	236
0	512	384	0	512	356
0	512	512	0	513	474
0	512	640	1	514	588
0	512	768	3	516	692
0	512	896	5	519	794
0	512	1023	8	521	895
0	640	0	12	630	14
0	640	128	13	631	133
0	640	256	14	632	253
0	640	384	15	633	372
0	640	512	16	634	490
0	640	640	17	635	604
0	640	768	20	637	709
0	640	896	22	640	811
0	640	1023	24	642	912
0	768	0	32	749	34
0	768	128	33	750	153
0	768	256	34	751	273
0	768	384	35	752	392
0	768	512	36	753	510
0	768	640	37	755	624
0	768	768	40	757	729
0	768	896	42	759	831
0	768	1023	44	761	932
0	896	0	54	868	56
0	896	128	55	869	175
0	896	256	56	870	295
0	896	384	57	871	414
0	896	512	58	872	532
0	896	640	59	873	646
0	896	768	62	876	751
0	896	896	64	878	853
0	896	1023	66	880	954
0	1023	0	80	985	82
0	1023	128	81	986	201
0	1023	256	82	987	321
0	1023	384	83	988	441
0	1023	512	85	989	559
0	1023	640	86	991	673
0	1023	768	88	993	777
0	1023	896	90	995	879
0	1023	1023	93	997	980
128	0	0	96	7	0
128	0	128	97	9	107
128	0	256	98	9	227
128	0	384	99	10	347
128	0	512	100	12	465
128	0	640	102	13	579
128	0	768	104	15	683
128	0	896	106	18	785
128	0	1023	109	20	886
128	128	0	88	138	0
128	128	128	89	139	99
128	128	256	90	140	219
128	128	384	91	141	339
128	128	512	92	142	456
128	128	640	94	144	570
128	128	768	96	146	675
128	128	896	98	148	777
128	128	1023	101	151	878
128	256	0	91	265	0
128	256	128	92	266	102
128	256	256	93	267	222
128	256	384	94	268	342
128	256	512	95	269	460
128	256	640	97	270	573
128	256	768	99	272	678
128	256	896	101	275	780
128	256	1023	104	277	881
128	384	0	98	389	0
128	384	128	99	390	109
128	384	256	100	391	229
128	384	384	101	392	348
128	384	512	102	393	466
128	384	640	103	395	580
128	384	768	106	397	685
128	384	896	108	399	787
128	384	1023	110	402	888
128	512	0	109	512	1
128	512	128	110	513	120
128	512	256	111	514	240
128	512	384	112	515	360
128	512	512	113	516	478
128	512	640	115	518	592
128	512	768	117	520	696
128	512	896	119	522	798
128	512	1023	122	525	899
128	640	0	126	633	17
128	640	128	127	634	136
128	640	256	128	635	257
128	640	384	129	636	376
128	640	512	130	637	494
128	640	640	131	639	608
128	640	768	133	641	713
128	640	896	136	643	815
128	640	1023	138	646	916
128	768	0	146	753	37
128	768	128	147	754	156
128	768	256	148	755	277
128	768	384	149	756	396
128	768	512	150	757	514
128	768	640	151	758	628
128	768	768	153	760	733
128	768	896	156	763	835
128	768	1023	158	765	936
128	896	0	168	872	59
128	896	128	169	873	178
128	896	256	170	874	299
128	896	384	171	875	418
128	896	512	172	876	536
128	896	640	173	877	650
128	896	768	175	879	755
128	896	896	178	882	857
128	896	1023	180	884	958
128	1023	0	194	989	86
128	1023	128	195	990	205
128	1023	256	196	991	325
128	1023	384	197	992	445
128	1023	512	198	993	563
128	1023	640	200	994	676
128	1023	768	202	996	781
128	1023	896	204	999	883
128	1023	1023	207	1001	984
256	0	0	210	11	0
256	0	128	211	12	111
256	0	256	212	13	231
256	0	384	213	14	351
256	0	512	214	15	468
256	0	640	216	17	582
256	0	768	218	19	687
256	0	896	220	21	789
256	0	1023	223	24	890
256	128	0	202	142	0
256	128	128	203	143	102
256	128	256	204	144	223
256	128	384	205	145	342
256	128	512	206	146	460
256	128	640	207	148	574
256	128	768	210	150	679
256	128	896	212	152	781
256	128	1023	214	154	882
256	256	0	205	268	0
256	256	128	206	269	106
256	256	256	207	270	226
256	256	384	208	271	345
256	256	512	209	272	463
256	256	640	211	274	577
256	256	768	213	276	682
256	256	896	215	278	784
256	256	1023	217	281	885
256	384	0	212	393	0
256	384	128	213	394	112
256	384	256	214	395	233
256	384	384	215	396	352
256	384	512	216	397	470
256	384	640	217	399	584
256	384	768	219	401	689
256	384	896	222	403	791
256	384	1023	224	405	892
256	512	0	223	516	5
256	512	128	224	517	124
256	512	256	225	518	244
256	512	384	226	519	364
256	512	512	227	520	481
256	512	640	229	522	595
256	512	768	231	524	700
256	512	896	233	526	802
256	512	1023	235	528	903
256	640	0	239	637	21
256	640	128	241	638	140
256	640	256	241	639	260
256	640	384	242	640	380
256	640	512	244	641	498
256	640	640	245	643	612
256	640	768	247	645	716
256	640	896	250	647	818
256	640	1023	252	650	919
256	768	0	259	756	41
256	768	128	261	758	160
256	768	256	261	758	280
256	768	384	263	759	400
256	768	512	264	761	518
256	768	640	265	762	632
256	768	768	267	764	736
256	768	896	270	767	838
256	768	1023	272	769	939
256	896	0	281	875	63
256	896	128	283	876	182
256	896	256	284	877	302
256	896	384	285	878	422
256	896	512	286	880	540
256	896	640	287	881	654
256	896	768	289	883	758
256	896	896	292	885	860
256	896	1023	294	888	961
256	1023	0	308	992	90
256	1023	128	309	994	209
256	1023	256	310	994	329
256	1023	384	311	995	448
256	1023	512	312	997	566
256	1023	640	314	998	680
256	1023	768	316	1000	785
256	1023	896	318	1003	887
256	1023	1023	320	1005	988
384	0	0	324	15	0
384	0	128	325	16	115
384	0	256	326	17	235
384	0	384	327	18	354
384	0	512	328	19	472
384	0	640	330	21	586
384	0	768	332	23	691
384	0	896	334	25	793
384	0	1023	336	27	894
384	128	0	316	146	0
384	128	128	317	147	106
384	128	256	318	148	227
384	128	384	319	149	346
384	128	512	320	150	464
384	128	640	321	151	578
384	128	768	323	153	683
384	128	896	326	156	785
384	128	1023	328	158	886
384	256	0	319	272	0
384	256	128	320	273	109
384	256	256	321	274	230
384	256	384	322	275	349
384	256	512	323	276	467
384	256	640	324	278	581
384	256	768	327	280	686
384	256	896	329	282	788
384	256	1023	331	285	889
384	384	0	325	397	0
384	384	128	327	398	116
384	384	256	328	399	236
384	384	384	329	400	356
384	384	512	330	401	474
384	384	640	331	402	588
384	384	768	333	404	692
384	384	896	336	407	794
384	384	1023	338	409	895
384	512	0	337	520	8
384	512	128	338	521	127
384	512	256	339	522	248
384	512	384	340	523	367
384	512	512	341	524	485
384	512	640	342	525	599
384	512	768	344	528	704
384	512	896	347	530	806
384	512	1023	349	532	907
384	640	0	353	641	25
384	640	128	354	642	144
384	640	256	355	643	264
384	640	384	356	644	384
384	640	512	357	645	502
384	640	640	359	646	616
384	640	768	361	649	720
384	640	896	363	651	822
384	640	1023	365	653	923
384	768	0	373	760	45
384	768	128	374	761	164
384	768	256	375	762	284
384	768	384	376	763	404
384	768	512	377	764	522
384	768	640	379	766	636
384	768	768	381	768	740
384	768	896	383	770	842
384	768	1023	386	773	943
384	896	0	395	879	67
384	896	128	396	880	186
384	896	256	397	881	306
384	896	384	398	882	426
384	896	512	399	883	544
384	896	640	401	885	658
384	896	768	403	887	762
384	896	896	405	889	864
384	896	1023	408	892	965
384	1023	0	422	996	93
384	1023	128	423	997	212
384	1023	256	424	998	333
384	1023	384	425	999	452
384	1023	512	426	1000	570
384	1023	640	427	1002	684
384	1023	768	429	1004	789
384	1023	896	432	1006	891
384	1023	1023	434	1009	992
512	0	0	437	19	0
512	0	128	439	20	118
512	0	256	440	21	239
512	0	384	441	22	358
512	0	512	442	23	476
512	0	640	443	24	590
512	0	768	445	26	695
512	0	896	448	29	797
512	0	1023	450	31	898
512	128	0	429	149	0
512	128	128	430	151	110
512	128	256	431	152	230
512	128	384	432	153	350
512	128	512	433	154	468
512	128	640	435	155	582
512	128	768	437	157	686
512	128	896	439	160	788
512	128	1023	442	162	889
512	256	0	432	276	0
512	256	128	433	277	113
512	256	256	434	278	233
512	256	384	435	279	353
512	256	512	437	280	471
512	256	640	438	281	585
512	256	768	440	284	689
512	256	896	442	286	791
512	256	1023	445	288	892
512	384	0	439	400	1
512	384	128	440	402	120
512	384	256	441	402	240
512	384	384	442	403	360
512	384	512	443	405	478
512	384	640	445	406	591
512	384	768	447	408	696
512	384	896	449	411	798
512	384	1023	452	413	899
512	512	0	450	524	12
512	512	128	451	525	131
512	512	256	452	526	251
512	512	384	453	527	371
512	512	512	455	528	489
512	512	640	456	529	603
512	512	768	458	531	708
512	512	896	460	534	809
512	512	1023	463	536	911
512	640	0	467	645	29
512	640	128	468	646	148
512	640	256	469	647	268
512	640	384	470	648	387
512	640	512	471	649	505
512	640	640	472	650	619
512	640	768	475	652	724
512	640	896	477	655	826
512	640	1023	479	657	927
512	768	0	487	764	49
512	768	128	488	765	168
512	768	256	489	766	288
512	768	384	490	767	407
512	768	512	491	768	525
512	768	640	492	770	639
512	768	768	495	772	744
512	768	896	497	774	846
512	768	1023	499	776	947
512	896	0	509	883	71
512	896	128	510	884	190
512	896	256	511	885	310
512	896	384	512	886	430
512	896	512	513	887	547
512	896	640	514	888	661
512	896	768	517	891	766
512	896	896	519	893	868
512	896	1023	521	895	969
512	1023	0	535	1000	97
512	1023	128	536	1001	216
512	1023	256	537	1002	336
512	1023	384	538	1003	456
512	1023	512	540	1004	574
512	1023	640	541	1006	688
512	1023	768	543	1008	792
512	1023	896	545	1010	894
512	1023	1023	548	1012	995
640	0	0	551	22	3
640	0	128	552	24	122
640	0	256	553	25	242
640	0	384	554	26	362
640	0	512	556	27	480
640	0	640	557	28	594
640	0	768	559	30	698
640	0	896	561	33	800
640	0	1023	564	35	901
640	128	0	543	153	0
640	128	128	544	154	114
640	128	256	545	155	234
640	128	384	546	156	354
640	128	512	547	157	472
640	128	640	549	159	585
640	128	768	551	161	690
640	128	896	553	163	792
640	128	1023	556	166	893
640	256	0	546	280	0
640	256	128	547	281	117
640	256	256	548	282	237
640	256	384	549	283	357
640	256	512	550	284	475
640	256	640	552	285	589
640	256	768	554	287	693
640	256	896	556	290	795
640	256	1023	559	292	896
640	384	0	553	404	5
640	384	128	554	405	124
640	384	256	555	406	244
640	384	384	556	407	363
640	384	512	557	408	481
640	384	640	559	410	595
640	384	768	561	412	700
640	384	896	563	414	802
640	384	1023	565	417	903
640	512	0	564	527	16
640	512	128	565	528	135
640	512	256	566	529	255
640	512	384	567	530	375
640	512	512	568	531	493
640	512	640	570	533	607
640	512	768	572	535	711
640	512	896	574	537	813
640	512	1023	577	540	914
640	640	0	581	648	32
640	640	128	582	649	151
640	640	256	583	650	272
640	640	384	584	651	391
640	640	512	585	653	509
640	640	640	586	654	623
640	640	768	588	656	728
640	640	896	591	658	830
640	640	1023	593	661	931
640	768	0	601	768	52
640	768	128	602	769	171
640	768	256	603	770	292
640	768	384	604	771	411
640	768	512	605	772	529
640	768	640	606	773	643
640	768	768	608	775	748
640	768	896	611	778	850
640	768	1023	613	780	951
640	896	0	623	887	74
640	896	128	624	888	193
640	896	256	625	889	314
640	896	384	626	890	433
640	896	512	627	891	551
640	896	640	628	892	665
640	896	768	630	894	770
640	896	896	633	897	872
640	896	1023	635	899	973
640	1023	0	649	1004	101
640	1023	128	650	1005	220
640	1023	256	651	1006	340
640	1023	384	652	1007	460
640	1023	512	653	1008	578
640	1023	640	655	1009	691
640	1023	768	657	1011	796
640	1023	896	659	1014	898
640	1023	1023	662	1016	999
768	0	0	665	26	7
768	0	128	666	27	126
768	0	256	667	28	246
768	0	384	668	29	366
768	0	512	669	30	484
768	0	640	671	32	597
768	0	768	673	34	702
768	0	896	675	36	804
768	0	1023	678	39	905
768	128	0	657	157	0
768	128	128	658	158	118
768	128	256	659	159	238
768	128	384	660	160	357
768	128	512	661	161	475
768	128	640	663	163	589
768	128	768	665	165	694
768	128	896	667	167	796
768	128	1023	669	170	897
768	256	0	660	283	2
768	256	128	661	284	121
768	256	256	662	285	241
768	256	384	663	286	360
768	256	512	664	288	478
768	256	640	666	289	592
768	256	768	668	291	697
768	256	896	670	293	799
768	256	1023	672	296	900
768	384	0	667	408	8
768	384	128	668	409	127
768	384	256	669	410	248
768	384	384	670	411	367
768	384	512	671	412	485
768	384	640	672	414	599
768	384	768	674	416	704
768	384	896	677	418	806
768	384	1023	679	420	907
768	512	0	678	531	20
768	512	128	679	532	139
768	512	256	680	533	259
768	512	384	681	534	379
768	512	512	682	535	496
768	512	640	683	537	610
768	512	768	686	539	715
768	512	896	688	541	817
768	512	1023	690	544	918
768	640	0	694	652	36
768	640	128	695	653	155
768	640	256	696	654	275
768	640	384	697	655	395
768	640	512	698	656	513
768	640	640	700	658	627
768	640	768	702	660	732
768	640	896	704	662	833
768	640	1023	707	665	934
768	768	0	714	772	56
768	768	128	715	773	175
768	768	256	716	774	295
768	768	384	717	775	415
768	768	512	718	776	533
768	768	640	720	777	647
768	768	768	722	779	752
768	768	896	724	782	853
768	768	1023	727	784	954
768	896	0	736	890	78
768	896	128	737	891	197
768	896	256	738	892	317
768	896	384	739	893	437
768	896	512	740	895	555
768	896	640	742	896	669
768	896	768	744	898	774
768	896	896	746	900	875
768	896	1023	749	903	977
768	1023	0	763	1007	105
768	1023	128	764	1009	224
768	1023	256	765	1010	344
768	1023	384	766	1011	463
768	1023	512	767	1012	581
768	1023	640	768	1013	695
768	1023	768	770	1015	800
768	1023	896	773	1018	902
768	1023	1023	775	1020	1003
896	0	0	779	30	11
896	0	128	780	31	130
896	0	256	781	32	250
896	0	384	782	33	369
896	0	512	783	34	487
896	0	640	784	36	601
896	0	768	786	38	706
896	0	896	789	40	808
896	0	1023	791	43	909
896	128	0	770	161	2
896	128	128	772	162	121
896	128	256	772	163	242
896	128	384	773	164	361
896	128	512	775	165	479
896	128	640	776	166	593
896	128	768	778	169	698
896	128	896	781	171	800
896	128	1023	783	173	901
896	256	0	774	287	5
896	256	128	775	288	124
896	256	256	776	289	245
896	256	384	777	290	364
896	256	512	778	291	482
896	256	640	779	293	596
896	256	768	781	295	701
896	256	896	784	297	803
896	256	1023	786	300	904
896	384	0	780	412	12
896	384	128	781	413	131
896	384	256	782	414	251
896	384	384	783	415	371
896	384	512	784	416	489
896	384	640	786	417	603
896	384	768	788	419	707
896	384	896	790	422	809
896	384	1023	793	424	910
896	512	0	792	535	23
896	512	128	793	536	142
896	512	256	794	537	263
896	512	384	795	538	382
896	512	512	796	539	500
896	512	640	797	540	614
896	512	768	799	543	719
896	512	896	802	545	821
896	512	1023	804	547	922
896	640	0	808	656	40
896	640	128	809	657	159
896	640	256	810	658	279
896	640	384	811	659	399
896	640	512	812	660	517
896	640	640	814	661	631
896	640	768	816	664	735
896	640	896	818	666	837
896	640	1023	821	668	938
896	768	0	828	775	60
896	768	128	829	776	179
896	768	256	830	777	299
896	768	384	831	778	419
896	768	512	832	779	537
896	768	640	834	781	651
896	768	768	836	783	755
896	768	896	838	785	857
896	768	1023	841	788	958
896	896	0	850	894	82
896	896	128	851	895	201
896	896	256	852	896	321
896	896	384	853	897	441
896	896	512	854	898	559
896	896	640	856	900	673
896	896	768	858	902	777
896	896	896	860	904	879
896	896	1023	863	907	980
896	1023	0	877	1011	108
896	1023	128	878	1012	227
896	1023	256	879	1013	347
896	1023	384	880	1014	467
896	1023	512	881	1015	585
896	1023	640	882	1017	699
896	1023	768	884	1019	804
896	1023	896	887	1021	906
896	1023	1023	889	1023	1007
1023	0	0	893	34	14
1023	0	128	894	35	133
1023	0	256	895	36	254
1023	0	384	896	37	373
1023	0	512	897	38	491
1023	0	640	898	39	605
1023	0	768	900	42	710
1023	0	896	903	44	812
1023	0	1023	905	46	913
1023	128	0	884	165	6
1023	128	128	885	166	125
1023	128	256	886	167	245
1023	128	384	887	168	365
1023	128	512	888	169	483
1023	128	640	890	170	597
1023	128	768	892	172	701
1023	128	896	894	175	803
1023	128	1023	897	177	904
1023	256	0	887	291	9
1023	256	128	888	292	128
1023	256	256	889	293	248
1023	256	384	890	294	368
1023	256	512	892	295	486
1023	256	640	893	296	600
1023	256	768	895	299	705
1023	256	896	897	301	806
1023	256	1023	900	303	908
1023	384	0	894	415	16
1023	384	128	895	417	135
1023	384	256	896	418	255
1023	384	384	897	419	375
1023	384	512	898	420	493
1023	384	640	900	421	607
1023	384	768	902	423	711
1023	384	896	904	426	813
1023	384	1023	907	428	914
1023	512	0	905	539	27
1023	512	128	906	540	146
1023	512	256	907	541	266
1023	512	384	908	542	386
1023	512	512	910	543	504
1023	512	640	911	544	618
1023	512	768	913	546	723
1023	512	896	915	549	825
1023	512	1023	918	551	926
1023	640	0	922	660	44
1023	640	128	923	661	163
1023	640	256	924	662	283
1023	640	384	925	663	403
1023	640	512	926	664	520
1023	640	640	927	665	634
1023	640	768	930	667	739
1023	640	896	932	670	841
1023	640	1023	934	672	942
1023	768	0	942	779	64
1023	768	128	943	780	183
1023	768	256	944	781	303
1023	768	384	945	782	423
1023	768	512	946	783	540
1023	768	640	948	785	654
1023	768	768	950	787	759
1023	768	896	952	789	861
1023	768	1023	954	792	962
1023	896	0	964	898	86
1023	896	128	965	899	205
1023	896	256	966	900	325
1023	896	384	967	901	445
1023	896	512	968	902	562
1023	896	640	970	904	676
1023	896	768	972	906	781
1023	896	896	974	908	883
1023	896	1023	976	910	984
1023	1023	0	990	1015	112
1023	1023	128	991	1016	231
1023	1023	256	992	1017	351
1023	1023	384	993	1018	471
1023	1023	512	995	1019	589
1023	1023	640	996	1021	703
1023	1023	768	998	1023	808
1023	1023	896	1000	1023	909
1023	1023	1023	1003	1023	1011
