0	0	0	0	0	0
0	0	128	25	0	118
0	0	256	48	0	231
0	0	384	71	0	342
0	0	512	95	0	454
0	0	640	121	0	580
0	0	768	144	0	688
0	0	896	169	0	807
0	0	1023	192	0	918
0	128	0	68	128	36
0	128	128	71	128	117
0	128	256	81	128	230
0	128	384	94	121	345
0	128	512	113	120	458
0	128	640	137	129	579
0	128	768	156	122	691
0	128	896	180	125	810
0	128	1023	201	122	917
0	256	0	129	243	69
0	256	128	132	246	134
0	256	256	138	248	236
0	256	384	149	252	351
0	256	512	159	247	464
0	256	640	176	253	582
0	256	768	193	255	694
0	256	896	211	254	808
0	256	1023	229	253	919
0	384	0	196	368	105
0	384	128	199	372	154
0	384	256	201	369	248
0	384	384	209	374	359
0	384	512	217	375	466
0	384	640	230	379	590
0	384	768	240	374	698
0	384	896	256	377	815
0	384	1023	270	374	926
0	512	0	260	489	139
0	512	128	265	496	178
0	512	256	267	497	263
0	512	384	272	498	365
0	512	512	278	499	473
0	512	640	289	502	596
0	512	768	298	502	706
0	512	896	307	499	817
0	512	1023	321	503	926
0	640	0	330	619	176
0	640	128	335	628	208
0	640	256	337	629	285
0	640	384	341	630	382
0	640	512	346	631	488
0	640	640	350	627	604
0	640	768	358	627	712
0	640	896	367	628	826
0	640	1023	377	627	934
0	768	0	397	745	212
0	768	128	401	752	240
0	768	256	403	753	310
0	768	384	406	754	401
0	768	512	408	751	503
0	768	640	412	748	610
0	768	768	420	752	720
0	768	896	427	752	833
0	768	1023	436	753	940
0	896	0	461	865	246
0	896	128	466	874	271
0	896	256	468	877	332
0	896	384	469	874	416
0	896	512	475	878	517
0	896	640	475	871	621
0	896	768	483	876	727
0	896	896	487	872	837
0	896	1023	494	872	944
0	1023	0	526	988	281
0	1023	128	528	990	301
0	1023	256	532	996	357
0	1023	384	534	997	436
0	1023	512	538	999	530
0	1023	640	537	991	637
0	1023	768	542	990	740
0	1023	896	550	996	850
0	1023	1023	554	992	955
128	0	0	115	27	16
128	0	128	117	27	119
128	0	256	118	22	233
128	0	384	128	15	346
128	0	512	146	0	461
128	0	640	163	0	583
128	0	768	183	0	695
128	0	896	199	0	809
128	0	1023	219	0	923
128	128	0	130	130	39
128	128	128	127	124	122
128	128	256	132	124	235
128	128	384	146	129	348
128	128	512	154	128	463
128	128	640	174	131	585
128	128	768	192	124	694
128	128	896	211	127	812
128	128	1023	227	124	920
128	256	0	167	249	72
128	256	128	170	253	135
128	256	256	174	253	239
128	256	384	180	253	348
128	256	512	191	250	465
128	256	640	208	257	584
128	256	768	219	256	696
128	256	896	238	257	811
128	256	1023	252	256	922
128	384	0	221	371	106
128	384	128	224	371	154
128	384	256	227	373	253
128	384	384	230	373	356
128	384	512	239	377	471
128	384	640	252	381	592
128	384	768	262	377	702
128	384	896	275	377	818
128	384	1023	289	377	928
128	512	0	283	499	142
128	512	128	284	498	182
128	512	256	286	500	264
128	512	384	289	497	366
128	512	512	295	501	478
128	512	640	306	505	597
128	512	768	315	506	704
128	512	896	324	502	818
128	512	1023	338	506	932
128	640	0	348	627	178
128	640	128	350	630	211
128	640	256	350	627	287
128	640	384	356	632	386
128	640	512	360	633	488
128	640	640	362	625	601
128	640	768	372	630	711
128	640	896	380	629	824
128	640	1023	391	631	936
128	768	0	413	754	214
128	768	128	411	750	240
128	768	256	415	756	309
128	768	384	418	756	402
128	768	512	422	754	504
128	768	640	424	750	611
128	768	768	433	754	722
128	768	896	439	755	834
128	768	1023	446	752	939
128	896	0	477	877	249
128	896	128	477	876	272
128	896	256	479	879	335
128	896	384	480	876	416
128	896	512	486	881	518
128	896	640	487	874	622
128	896	768	493	878	728
128	896	896	498	875	838
128	896	1023	505	875	945
128	1023	0	540	997	284
128	1023	128	537	992	300
128	1023	256	542	998	357
128	1023	384	544	1000	436
128	1023	512	548	1001	530
128	1023	640	548	993	637
128	1023	768	553	993	741
128	1023	896	557	994	850
128	1023	1023	564	995	957
256	0	0	223	53	32
256	0	128	224	53	116
256	0	256	226	52	230
256	0	384	235	50	347
256	0	512	238	46	459
256	0	640	252	41	584
256	0	768	266	34	695
256	0	896	275	14	808
256	0	1023	289	0	924
256	128	0	236	137	47
256	128	128	234	131	125
256	128	256	237	131	238
256	128	384	238	135	349
256	128	512	247	134	463
256	128	640	259	138	585
256	128	768	273	136	697
256	128	896	282	134	814
256	128	1023	298	131	925
256	256	0	255	254	76
256	256	128	258	257	137
256	256	256	256	254	240
256	256	384	260	254	353
256	256	512	271	258	467
256	256	640	283	260	585
256	256	768	290	261	699
256	256	896	303	255	812
256	256	1023	317	259	926
256	384	0	292	375	109
256	384	128	290	375	156
256	384	256	293	378	250
256	384	384	297	379	357
256	384	512	303	379	469
256	384	640	314	382	588
256	384	768	325	383	700
256	384	896	332	383	815
256	384	1023	346	384	925
256	512	0	338	502	145
256	512	128	336	498	180
256	512	256	340	499	268
256	512	384	343	499	370
256	512	512	345	499	476
256	512	640	356	503	598
256	512	768	365	507	707
256	512	896	375	503	822
256	512	1023	382	504	932
256	640	0	395	633	181
256	640	128	396	632	213
256	640	256	396	632	290
256	640	384	400	629	384
256	640	512	405	634	492
256	640	640	407	626	602
256	640	768	416	631	713
256	640	896	421	630	824
256	640	1023	428	628	933
256	768	0	451	756	216
256	768	128	450	755	242
256	768	256	454	755	309
256	768	384	453	753	399
256	768	512	460	758	505
256	768	640	462	755	612
256	768	768	467	751	718
256	768	896	476	756	831
256	768	1023	482	756	939
256	896	0	511	880	251
256	896	128	507	874	272
256	896	256	510	875	335
256	896	384	513	880	417
256	896	512	517	882	518
256	896	640	520	879	626
256	896	768	522	875	727
256	896	896	532	879	842
256	896	1023	537	881	949
256	1023	0	568	996	284
256	1023	128	567	994	301
256	1023	256	571	999	361
256	1023	384	573	1001	440
256	1023	512	574	997	531
256	1023	640	577	997	635
256	1023	768	580	994	738
256	1023	896	587	999	847
256	1023	1023	591	995	953
384	0	0	337	80	48
384	0	128	333	79	125
384	0	256	337	79	236
384	0	384	337	77	344
384	0	512	342	75	462
384	0	640	356	74	584
384	0	768	363	70	696
384	0	896	368	64	809
384	0	1023	378	69	920
384	128	0	343	147	59
384	128	128	338	147	129
384	128	256	339	146	236
384	128	384	342	146	346
384	128	512	351	145	464
384	128	640	357	144	582
384	128	768	368	147	694
384	128	896	374	145	810
384	128	1023	383	142	925
384	256	0	355	264	84
384	256	128	357	259	140
384	256	256	357	259	244
384	256	384	361	259	354
384	256	512	362	258	467
384	256	640	372	262	588
384	256	768	379	264	699
384	256	896	391	261	815
384	256	1023	397	259	926
384	384	0	384	383	115
384	384	128	378	378	159
384	384	256	383	381	252
384	384	384	383	378	358
384	384	512	387	379	472
384	384	640	397	386	589
384	384	768	407	387	700
384	384	896	412	386	818
384	384	1023	423	383	925
384	512	0	415	505	148
384	512	128	416	501	183
384	512	256	413	500	266
384	512	384	418	504	368
384	512	512	422	505	476
384	512	640	431	509	595
384	512	768	437	509	704
384	512	896	447	509	818
384	512	1023	452	509	929
384	640	0	465	636	184
384	640	128	461	631	214
384	640	256	465	634	290
384	640	384	466	631	385
384	640	512	469	636	490
384	640	640	473	628	606
384	640	768	476	629	714
384	640	896	484	632	827
384	640	1023	493	630	936
384	768	0	509	755	218
384	768	128	508	754	243
384	768	256	512	757	312
384	768	384	512	758	403
384	768	512	516	755	502
384	768	640	518	756	612
384	768	768	524	753	719
384	768	896	532	757	834
384	768	1023	536	757	939
384	896	0	561	878	252
384	896	128	561	880	275
384	896	256	561	880	334
384	896	384	566	881	418
384	896	512	565	878	515
384	896	640	571	879	623
384	896	768	573	879	727
384	896	896	580	876	839
384	896	1023	587	881	945
384	1023	0	615	997	285
384	1023	128	614	995	305
384	1023	256	612	995	359
384	1023	384	616	996	439
384	1023	512	619	1001	531
384	1023	640	622	997	638
384	1023	768	625	998	741
384	1023	896	628	995	846
384	1023	1023	637	999	956
512	0	0	444	106	63
512	0	128	442	105	131
512	0	256	445	105	234
512	0	384	448	104	346
512	0	512	448	102	459
512	0	640	456	101	584
512	0	768	465	99	692
512	0	896	472	96	812
512	0	1023	477	91	923
512	128	0	451	162	71
512	128	128	450	161	134
512	128	256	448	161	240
512	128	384	453	160	351
512	128	512	453	159	461
512	128	640	461	158	586
512	128	768	469	161	697
512	128	896	473	159	813
512	128	1023	480	157	921
512	256	0	460	271	93
512	256	128	461	267	145
512	256	256	458	267	244
512	256	384	461	268	352
512	256	512	464	268	464
512	256	640	475	270	585
512	256	768	477	269	696
512	256	896	487	273	811
512	256	1023	491	267	922
512	384	0	482	387	121
512	384	128	478	387	164
512	384	256	481	383	258
512	384	384	482	383	362
512	384	512	486	382	472
512	384	640	491	390	593
512	384	768	497	387	703
512	384	896	502	389	817
512	384	1023	512	387	928
512	512	0	506	506	152
512	512	128	508	508	187
512	512	256	505	503	268
512	512	384	510	507	368
512	512	512	510	504	477
512	512	640	521	512	599
512	512	768	523	512	704
512	512	896	531	511	819
512	512	1023	536	513	931
512	640	0	547	635	187
512	640	128	546	634	217
512	640	256	543	633	291
512	640	384	547	633	388
512	640	512	548	633	490
512	640	640	554	634	603
512	640	768	556	634	710
512	640	896	563	635	824
512	640	1023	571	635	933
512	768	0	585	761	222
512	768	128	584	761	247
512	768	256	583	756	312
512	768	384	588	759	401
512	768	512	589	757	502
512	768	640	594	757	615
512	768	768	596	753	721
512	768	896	600	755	834
512	768	1023	607	759	942
512	896	0	631	881	255
512	896	128	631	883	278
512	896	256	628	879	337
512	896	384	632	882	422
512	896	512	632	883	519
512	896	640	633	876	622
512	896	768	640	881	728
512	896	896	645	877	838
512	896	1023	651	882	949
512	1023	0	677	999	288
512	1023	128	676	998	305
512	1023	256	676	1001	361
512	1023	384	676	1001	438
512	1023	512	681	1002	531
512	1023	640	682	994	635
512	1023	768	687	999	738
512	1023	896	689	999	846
512	1023	1023	695	996	952
640	0	0	566	135	80
640	0	128	562	134	142
640	0	256	565	134	247
640	0	384	566	133	355
640	0	512	565	131	468
640	0	640	569	130	585
640	0	768	577	129	696
640	0	896	582	126	813
640	0	1023	585	123	924
640	128	0	567	180	86
640	128	128	566	180	146
640	128	256	565	183	248
640	128	384	570	179	357
640	128	512	569	178	469
640	128	640	572	177	587
640	128	768	580	180	698
640	128	896	585	178	814
640	128	1023	588	176	924
640	256	0	579	282	105
640	256	128	577	280	153
640	256	256	574	279	252
640	256	384	576	283	358
640	256	512	581	279	469
640	256	640	584	278	586
640	256	768	586	279	697
640	256	896	594	281	812
640	256	1023	597	277	922
640	384	0	591	394	130
640	384	128	590	394	173
640	384	256	592	393	264
640	384	384	594	397	367
640	384	512	593	396	477
640	384	640	597	397	594
640	384	768	600	392	703
640	384	896	610	396	818
640	384	1023	615	393	928
640	512	0	616	515	160
640	512	128	614	514	195
640	512	256	611	513	276
640	512	384	616	515	378
640	512	512	617	512	485
640	512	640	622	517	600
640	512	768	622	516	706
640	512	896	631	517	823
640	512	1023	633	518	932
640	640	0	641	639	192
640	640	128	640	638	222
640	640	256	642	634	294
640	640	384	640	637	387
640	640	512	645	633	492
640	640	640	642	634	600
640	640	768	646	634	711
640	640	896	655	639	825
640	640	1023	656	634	932
640	768	0	678	763	226
640	768	128	676	761	250
640	768	256	673	760	318
640	768	384	673	755	402
640	768	512	679	760	507
640	768	640	676	760	610
640	768	768	680	760	717
640	768	896	685	761	827
640	768	1023	692	759	938
640	896	0	716	885	259
640	896	128	713	880	279
640	896	256	714	882	341
640	896	384	711	878	423
640	896	512	716	882	520
640	896	640	715	879	624
640	896	768	720	880	729
640	896	896	720	880	834
640	896	1023	727	884	945
640	1023	0	753	1003	291
640	1023	128	752	1001	308
640	1023	256	755	1001	363
640	1023	384	752	1000	440
640	1023	512	752	996	531
640	1023	640	757	1001	637
640	1023	768	758	1001	736
640	1023	896	763	998	843
640	1023	1023	766	1002	953
768	0	0	675	161	96
768	0	128	677	161	148
768	0	256	674	160	247
768	0	384	674	159	355
768	0	512	678	159	466
768	0	640	678	157	584
768	0	768	685	156	694
768	0	896	686	154	809
768	0	1023	692	152	920
768	128	0	679	200	101
768	128	128	677	202	151
768	128	256	679	200	249
768	128	384	678	202	357
768	128	512	679	198	471
768	128	640	684	197	588
768	128	768	686	199	696
768	128	896	693	198	811
768	128	1023	695	196	921
768	256	0	689	294	117
768	256	128	687	294	164
768	256	256	684	293	259
768	256	384	685	295	365
768	256	512	689	291	475
768	256	640	693	294	591
768	256	768	693	291	701
768	256	896	700	291	816
768	256	1023	706	290	927
768	384	0	699	408	141
768	384	128	697	406	178
768	384	256	699	402	266
768	384	384	697	402	368
768	384	512	699	404	477
768	384	640	702	404	596
768	384	768	708	401	701
768	384	896	709	400	815
768	384	1023	717	405	925
768	512	0	719	521	168
768	512	128	718	524	202
768	512	256	715	519	282
768	512	384	719	519	381
768	512	512	720	522	487
768	512	640	722	519	601
768	512	768	723	522	709
768	512	896	727	519	823
768	512	1023	735	523	932
768	640	0	740	645	199
768	640	128	738	640	226
768	640	256	741	639	301
768	640	384	739	638	389
768	640	512	743	642	497
768	640	640	743	638	605
768	640	768	746	638	713
768	640	896	747	638	825
768	640	1023	752	643	933
768	768	0	768	763	230
768	768	128	766	761	254
768	768	256	768	765	319
768	768	384	770	761	406
768	768	512	768	763	505
768	768	640	771	763	611
768	768	768	771	760	717
768	768	896	775	761	831
768	768	1023	783	765	939
768	896	0	804	885	262
768	896	128	801	883	283
768	896	256	802	886	343
768	896	384	800	885	426
768	896	512	800	881	518
768	896	640	800	881	621
768	896	768	804	885	726
768	896	896	808	886	835
768	896	1023	812	886	942
768	1023	0	836	1002	294
768	1023	128	835	1004	312
768	1023	256	836	999	365
768	1023	384	838	1002	444
768	1023	512	835	998	536
768	1023	640	835	998	634
768	1023	768	841	999	740
768	1023	896	844	999	847
768	1023	1023	845	1000	949
896	0	0	791	188	112
896	0	128	786	187	157
896	0	256	785	187	257
896	0	384	786	186	359
896	0	512	787	185	473
896	0	640	793	185	585
896	0	768	795	184	699
896	0	896	796	181	810
896	0	1023	800	180	924
896	128	0	794	222	117
896	128	128	792	224	164
896	128	256	788	223	254
896	128	384	789	220	360
896	128	512	791	222	474
896	128	640	793	221	590
896	128	768	799	218	697
896	128	896	799	219	812
896	128	1023	803	218	925
896	256	0	800	308	130
896	256	128	799	310	170
896	256	256	795	309	262
896	256	384	799	305	365
896	256	512	798	308	474
896	256	640	803	305	590
896	256	768	806	306	703
896	256	896	806	306	814
896	256	1023	814	308	924
896	384	0	811	418	152
896	384	128	806	413	188
896	384	256	809	412	275
896	384	384	807	411	375
896	384	512	808	414	483
896	384	640	809	411	593
896	384	768	815	414	706
896	384	896	816	410	820
896	384	1023	824	411	929
896	512	0	823	529	176
896	512	128	821	528	209
896	512	256	821	529	285
896	512	384	825	527	381
896	512	512	823	526	486
896	512	640	825	525	599
896	512	768	828	529	711
896	512	896	834	526	821
896	512	1023	835	527	929
896	640	0	843	646	205
896	640	128	841	645	233
896	640	256	845	649	303
896	640	384	841	644	396
896	640	512	846	644	500
896	640	640	840	643	603
896	640	768	844	647	711
896	640	896	847	648	822
896	640	1023	855	649	934
896	768	0	867	768	236
896	768	128	866	767	260
896	768	256	865	766	322
896	768	384	869	765	411
896	768	512	867	765	507
896	768	640	869	764	616
896	768	768	872	766	722
896	768	896	874	765	832
896	768	1023	875	766	939
896	896	0	898	888	268
896	896	128	895	891	289
896	896	256	894	887	345
896	896	384	895	890	427
896	896	512	898	886	521
896	896	640	893	885	624
896	896	768	901	890	729
896	896	896	900	886	836
896	896	1023	904	887	946
896	1023	0	927	1006	299
896	1023	128	927	1008	318
896	1023	256	928	1003	371
896	1023	384	929	1007	448
896	1023	512	927	1006	539
896	1023	640	928	1002	636
896	1023	768	927	1003	739
896	1023	896	931	1007	845
896	1023	1023	935	1007	950
1023	0	0	895	213	127
1023	0	128	893	213	171
1023	0	256	892	212	263
1023	0	384	897	213	366
1023	0	512	894	211	476
1023	0	640	896	210	591
1023	0	768	901	210	701
1023	0	896	902	208	816
1023	0	1023	905	206	924
1023	128	0	901	246	132
1023	128	128	895	242	174
1023	128	256	896	244	264
1023	128	384	897	242	369
1023	128	512	901	244	477
1023	128	640	899	240	593
1023	128	768	904	240	702
1023	128	896	904	238	817
1023	128	1023	907	239	926
1023	256	0	907	323	143
1023	256	128	905	323	180
1023	256	256	905	324	270
1023	256	384	902	324	369
1023	256	512	903	320	477
1023	256	640	905	319	592
1023	256	768	907	322	704
1023	256	896	913	318	815
1023	256	1023	913	319	924
1023	384	0	913	424	162
1023	384	128	911	426	195
1023	384	256	915	426	278
1023	384	384	912	426	375
1023	384	512	916	422	482
1023	384	640	914	424	596
1023	384	768	919	421	705
1023	384	896	922	421	821
1023	384	1023	922	423	926
1023	512	0	926	537	186
1023	512	128	927	536	216
1023	512	256	924	536	290
1023	512	384	928	535	388
1023	512	512	925	534	492
1023	512	640	927	534	605
1023	512	768	928	533	709
1023	512	896	936	537	826
1023	512	1023	935	534	933
1023	640	0	944	657	214
1023	640	128	945	653	240
1023	640	256	942	652	307
1023	640	384	943	655	398
1023	640	512	946	651	499
1023	640	640	944	650	605
1023	640	768	943	653	716
1023	640	896	949	650	827
1023	640	1023	948	650	931
1023	768	0	965	774	243
1023	768	128	966	772	266
1023	768	256	963	771	330
1023	768	384	967	775	413
1023	768	512	964	771	514
1023	768	640	966	770	615
1023	768	768	964	770	720
1023	768	896	967	773	829
1023	768	1023	970	774	937
1023	896	0	994	894	274
1023	896	128	991	892	294
1023	896	256	987	891	349
1023	896	384	989	891	429
1023	896	512	992	891	527
1023	896	640	988	894	625
1023	896	768	992	889	733
1023	896	896	995	890	841
1023	896	1023	998	891	946
1023	1023	0	1019	1014	305
1023	1023	128	1018	1013	323
1023	1023	256	1017	1012	373
1023	1023	384	1017	1007	448
1023	1023	512	1018	1011	540
1023	1023	640	1019	1010	638
1023	1023	768	1017	1006	740
1023	1023	896	1023	1010	846
1023	1023	1023	1023	1007	951
